Unexplained	Phylogeny	TF	rank
0	100	ENSMUSG00000021359_LINE1_Tcfap2a_D_N1	1
0	100	ENSMUSG00000021359_LINE2_Tcfap2a_D_N1	2
0	100	ENSMUSG00000025927_LINE5_Tcfap2b_D	3
0	100	ENSMUSG00000028640_LINE6_Tcfap2c_D	4
0	100	ENSMUSG00000042596_LINE8_Tcfap2d_I	5
0	100	ENSMUSG00000004661_LINE10_Arid3b_D	6
0	100	ENSMUSG00000037447_LINE18_Arid5a_D	7
0	100	ENSMUSG00000056758_LINE31_Hmga2_D	8
0	100	ENSMUSG00000005718_LINE44_Tcfap4_D	9
0	100	ENSMUSG00000007805_LINE47_Twist2_D	10
0	100	ENSMUSG00000007872_LINE48_Id3_I	11
0	100	ENSMUSG00000009248_LINE50_Ascl2_D_N2	12
0	100	ENSMUSG00000009471_LINE51_Myod1_D	13
0	100	ENSMUSG00000015709_LINE54_Arnt2_D	14
0	100	ENSMUSG00000020167_LINE64_Tcf3_D_N3	15
0	100	ENSMUSG00000020167_LINE65_Tcf3_D_N1	16
0	100	ENSMUSG00000020538_LINE66_Srebf1_D_N2	17
0	100	ENSMUSG00000020538_LINE68_Srebf1_D_N1	18
0	100	ENSMUSG00000021379_LINE72_Id4_I	19
0	100	ENSMUSG00000022463_LINE76_Srebf2_D	20
0	100	ENSMUSG00000022528_LINE77_Hes1_D	21
0	100	ENSMUSG00000023781_LINE78_Hes7_D	22
0	100	ENSMUSG00000025128_LINE82_Bhlhe22_D	23
0	100	ENSMUSG00000026459_LINE85_Myog_D	24
0	100	ENSMUSG00000026735_LINE87_Ptf1a_I	25
0	100	ENSMUSG00000029238_LINE96_Clock_D	26
0	100	ENSMUSG00000030001_LINE99_Figla_D	27
0	100	ENSMUSG00000030543_LINE107_Mesp2_I	28
0	100	ENSMUSG00000030544_LINE108_Mesp1_I	29
0	100	ENSMUSG00000032228_LINE109_Tcf12_D_N1	30
0	100	ENSMUSG00000032228_LINE110_Tcf12_D_N1	31
0	100	ENSMUSG00000034161_LINE113_Scx_I	32
0	100	ENSMUSG00000035923_LINE117_Myf6_D_N1	33
0	100	ENSMUSG00000035923_LINE118_Myf6_D_N1	34
0	100	ENSMUSG00000036816_LINE120_Atoh7_I	35
0	100	ENSMUSG00000037621_LINE124_Atoh8_I	36
0	100	ENSMUSG00000038255_LINE127_Neurod2_I	37
0	100	ENSMUSG00000038932_LINE129_Tcfl5_D	38
0	100	ENSMUSG00000045493_LINE137_Bhlhe23_I	39
0	100	ENSMUSG00000045680_LINE139_Tcf21_D_N1	40
0	100	ENSMUSG00000045680_LINE140_Tcf21_D_N1	41
0	100	ENSMUSG00000046518_LINE143_Ferd3l_I	42
0	100	ENSMUSG00000048540_LINE148_Nhlh2_D	43
0	100	ENSMUSG00000048904_LINE150_Neurog1_D	44
0	100	ENSMUSG00000051251_LINE151_Nhlh1_I	45
0	100	ENSMUSG00000053477_LINE153_Tcf4_D	46
0	100	ENSMUSG00000068079_LINE162_Tcf15_I	47
0	100	ENSMUSG00000073043_LINE165_Atoh1_D_N1	48
0	100	ENSMUSG00000033943_LINE169_Mga_I	49
0	100	BAE290471_LINE1212_Cebpd_I_N1	50
0	100	ENSMUSG00000003949_LINE173_Hlf_D	51
0	100	ENSMUSG00000018143_LINE177_Mafk_D	52
0	100	ENSMUSG00000021250_LINE181_Fos_I	53
0	100	ENSMUSG00000022389_LINE183_Tef_D	54
0	100	ENSMUSG00000025612_LINE191_Bach1_I	55
0	100	ENSMUSG00000038615_LINE215_Nfe2l1_I	56
0	100	ENSMUSG00000040270_LINE222_Bach2_I	57
0	100	ENSMUSG00000040632_LINE223_Nrl_I	58
0	100	ENSMUSG00000042406_LINE225_Atf4_D_N1	59
0	100	ENSMUSG00000051451_LINE236_Crebzf_D	60
0	100	ENSMUSG00000051510_LINE237_Mafg_D	61
0	100	ENSMUSG00000052435_LINE239_Cebpe_D	62
0	100	ENSMUSG00000056749_LINE248_Nfil3_D	63
0	100	ENSMUSG00000058794_LINE251_Nfe2_I	64
0	100	ENSMUSG00000059824_LINE252_Dbp_D_N2	65
0	100	ENSMUSG00000059824_LINE253_Dbp_D_N1	66
0	100	ENSMUSG00000074622_LINE260_Mafb_D_N2	67
0	100	ENSMUSG00000074622_LINE262_Mafb_D_N1	68
0	100	XP_0027269251_LINE265_Nfil3_D_N4	69
0	100	XP_0027269251_LINE1938_Nfil3_I_N4	70
0	100	ENSMUSG00000024238_LINE266_Zeb1_I	71
0	100	EDL381201_LINE274_Zscan4_D_N3	72
0	100	ENSMUSG00000001280_LINE281_Sp1_D	73
0	100	ENSMUSG00000005148_LINE292_Klf5_I	74
0	100	ENSMUSG00000006587_LINE298_Snai3_I	75
0	100	ENSMUSG00000018678_LINE317_Sp2_I	76
0	100	ENSMUSG00000018750_LINE318_Zbtb4_I	77
0	100	ENSMUSG00000020453_LINE325_Patz1_I	78
0	100	ENSMUSG00000022228_LINE337_Zfp187_D	79
0	100	ENSMUSG00000022508_LINE342_Bcl6_D_N1	80
0	100	ENSMUSG00000023902_LINE353_Zscan10_D_N2	81
0	100	ENSMUSG00000025323_LINE369_Sp4_D_N2	82
0	100	ENSMUSG00000025821_LINE373_Zfp282_I	83
0	100	ENSMUSG00000026815_LINE378_Gfi1b_D	84
0	100	ENSMUSG00000028890_LINE392_Mtf1_D	85
0	100	ENSMUSG00000029127_LINE394_Zbtb49_I	86
0	100	ENSMUSG00000031079_LINE417_Zfp300_D	87
0	100	ENSMUSG00000033730_LINE430_Egr3_D_N1	88
0	100	ENSMUSG00000033730_LINE431_Egr3_D_N1	89
0	100	ENSMUSG00000035529_LINE447_Prdm4_I	90
0	100	ENSMUSG00000038151_LINE465_Prdm1_I	91
0	100	ENSMUSG00000038418_LINE467_Egr1_D_N3	92
0	100	ENSMUSG00000038418_LINE470_Egr1_D_N1	93
0	100	ENSMUSG00000038560_LINE471_Sp6_I	94
0	100	ENSMUSG00000039087_LINE476_Rreb1_I	95
0	100	ENSMUSG00000041483_LINE489_Zfp281_D_N1	96
0	100	ENSMUSG00000042821_LINE502_Snai1_D	97
0	100	ENSMUSG00000043290_LINE508_Zfp784_I	98
0	100	ENSMUSG00000044224_LINE513_Dnajc21_D	99
0	100	ENSMUSG00000046897_LINE544_Zfp740_D_N3	100
0	100	ENSMUSG00000048562_LINE568_Sp8_I	101
0	100	ENSMUSG00000049576_LINE578_Zfa_I	102
0	100	ENSMUSG00000053211_LINE623_Zfy1_I	103
0	100	ENSMUSG00000054272_LINE629_Zscan4c_D	104
0	100	ENSMUSG00000057895_LINE676_Zfp105_D	105
0	100	ENSMUSG00000060284_LINE704_Sp7_I	106
0	100	ENSMUSG00000061894_LINE719_Zscan20_D	107
0	100	ENSMUSG00000063659_LINE743_Zfp238_I	108
0	100	ENSMUSG00000068859_LINE776_Sp9_I	109
0	100	ENSMUSG00000070826_LINE795_Zscan4ps2_I	110
0	100	ENSMUSG00000070828_LINE796_Zscan4f_I	111
0	100	ENSMUSG00000071341_LINE808_Egr4_I	112
0	100	ENSMUSG00000071661_LINE810_Zbtb3_D	113
0	100	ENSMUSG00000073209_LINE821_Klf14_I	114
0	100	ENSMUSG00000075304_LINE853_Sp5_I	115
0	100	ENSMUSG00000075595_LINE855_Zfp652_D	116
0	100	ENSMUSG00000079509_LINE917_Zfx_D_N1	117
0	100	ENSMUSG00000061911_LINE940_Myt1l_I	118
0	100	ENSMUSG00000045518_LINE965_Onecut3_I	119
0	100	ENSMUSG00000029475_LINE974_Kdm2b_I	120
0	100	ENSMUSG00000014859_LINE988_E2f4_I	121
0	100	ENSMUSG00000016477_LINE989_E2f3_D_N1	122
0	100	ENSMUSG00000018983_LINE991_E2f2_D	123
0	100	ENSMUSG00000016087_LINE1018_Fli1_D	124
0	100	ENSMUSG00000032035_LINE1028_Ets1_D_N1	125
0	100	ENSMUSG00000040732_LINE1032_Erg_D_N1	126
0	100	ENSMUSG00000040857_LINE1034_Erf_I	127
0	100	XP_9117244_LINE5827_Gm4881_I_N1	128
0	100	XP_9117244_LINE5828_Gm4881_I_N1	129
0	100	ENSMUSG00000020950_LINE1044_Foxg1_D_N2	130
0	100	ENSMUSG00000020950_LINE1045_Foxg1_D_N1	131
0	100	ENSMUSG00000032998_LINE1055_Foxj3_D_N1	132
0	100	ENSMUSG00000032998_LINE1056_Foxj3_D_N1	133
0	100	ENSMUSG00000032998_LINE1058_Foxj3_D_N1	134
0	100	ENSMUSG00000033837_LINE1060_Foxh1_I	135
0	100	ENSMUSG00000038402_LINE1070_Foxf2_I	136
0	100	ENSMUSG00000042812_LINE1077_Foxf1a_I	137
0	100	ENSMUSG00000044167_LINE1080_Foxo1_D_N2	138
0	100	ENSMUSG00000067261_LINE1101_Foxd3_I	139
0	100	ENSMUSG00000070990_LINE1102_Foxe1_I	140
0	100	ENSMUSG00000078302_LINE1106_Foxd1_D	141
0	100	NP_0011820571_LINE9932_Gm5294_I_N10	142
0	100	NP_0011820571_LINE9878_Gm5294_I_N2	143
0	100	NP_0011820571_LINE9913_Gm5294_I_N7	144
0	100	NP_0011820571_LINE9851_Gm5294_I_N2	145
0	100	NP_0011820571_LINE9919_Gm5294_I_N2	146
0	100	NP_0011820571_LINE9848_Gm5294_I_N1	147
0	100	NP_0011820571_LINE9849_Gm5294_I_N1	148
0	100	NP_0011820571_LINE9858_Gm5294_I_N1	149
0	100	NP_0011820571_LINE9936_Gm5294_I_N1	150
0	100	NP_0320502_LINE10066_Foxl1_I_N10	151
0	100	NP_0320502_LINE10036_Foxl1_I_N8	152
0	100	NP_0320502_LINE10003_Foxl1_I_N2	153
0	100	NP_0320502_LINE10052_Foxl1_I_N5	154
0	100	NP_0320502_LINE9972_Foxl1_I_N2	155
0	100	NP_0320502_LINE10046_Foxl1_I_N3	156
0	100	NP_0320502_LINE10051_Foxl1_I_N3	157
0	100	NP_0320502_LINE10042_Foxl1_I_N2	158
0	100	NP_0320502_LINE9969_Foxl1_I_N1	159
0	100	NP_0320502_LINE9970_Foxl1_I_N1	160
0	100	NP_0320502_LINE9979_Foxl1_I_N1	161
0	100	NP_0320502_LINE9995_Foxl1_I_N1	162
0	100	NP_0320502_LINE10070_Foxl1_I_N1	163
0	100	NP_0320502_LINE10076_Foxl1_I_N1	164
0	100	NP_0320502_LINE10077_Foxl1_I_N1	165
0	100	ENSMUSG00000023333_LINE1127_Gcm1_D	166
0	100	ENSMUSG00000020656_LINE1130_Grhl1_I	167
0	100	ENSMUSG00000026380_LINE1133_Tcfcp2l1_D_N2	168
0	100	ENSMUSG00000000690_LINE1141_Hoxb6_D	169
0	100	ENSMUSG00000001103_LINE1145_Sebox_D	170
0	100	ENSMUSG00000001493_LINE1146_Meox1_D	171
0	100	ENSMUSG00000001510_LINE1149_Dlx3_D	172
0	100	ENSMUSG00000001815_LINE1155_Evx2_D	173
0	100	ENSMUSG00000001819_LINE1156_Hoxd13_D_N3	174
0	100	ENSMUSG00000005503_LINE1160_Evx1_D	175
0	100	ENSMUSG00000007946_LINE1168_Phox2a_D	176
0	100	ENSMUSG00000009739_LINE1170_Pou6f1_D_N2	177
0	100	ENSMUSG00000012520_LINE1173_Phox2b_D	178
0	100	ENSMUSG00000014603_LINE1174_Alx3_D	179
0	100	ENSMUSG00000014704_LINE1175_Hoxa2_D_N2	180
0	100	ENSMUSG00000018698_LINE1181_Lhx1_D	181
0	100	ENSMUSG00000018973_LINE1182_Hoxb1_I	182
0	100	ENSMUSG00000020871_LINE1187_Dlx4_D	183
0	100	ENSMUSG00000021099_LINE1190_Six6_D_N1	184
0	100	ENSMUSG00000021239_LINE1192_Vsx2_I	185
0	100	ENSMUSG00000021381_LINE1193_Barx1_D	186
0	100	ENSMUSG00000021469_LINE1194_Msx2_D	187
0	100	ENSMUSG00000021604_LINE1196_Irx4_D	188
0	100	ENSMUSG00000021685_LINE1197_Otp_D	189
0	100	ENSMUSG00000021972_LINE1199_Hmbox1_D	190
0	100	ENSMUSG00000022485_LINE1206_Hoxc5_D	191
0	100	ENSMUSG00000023443_LINE1211_Esx1_D	192
0	100	ENSMUSG00000024134_LINE1212_Six2_D	193
0	100	ENSMUSG00000024497_LINE1213_Pou4f3_D	194
0	100	ENSMUSG00000024986_LINE1216_Hhex_I	195
0	100	ENSMUSG00000025216_LINE1218_Lbx1_I	196
0	100	ENSMUSG00000025469_LINE1222_Msx3_D_N2	197
0	100	ENSMUSG00000025469_LINE1221_Msx3_D_N1	198
0	100	ENSMUSG00000026468_LINE1223_Lhx4_D_N2	199
0	100	ENSMUSG00000026586_LINE1226_Prrx1_D	200
0	100	ENSMUSG00000026686_LINE1227_Lmx1a_D	201
0	100	ENSMUSG00000026805_LINE1231_Barhl1_D_N1	202
0	100	ENSMUSG00000026890_LINE1232_Lhx6_D	203
0	100	ENSMUSG00000026934_LINE1233_Lhx3_D_N1	204
0	100	ENSMUSG00000027210_LINE1237_Meis2_D_N2	205
0	100	ENSMUSG00000027210_LINE1239_Meis2_D_N1	206
0	100	ENSMUSG00000027833_LINE1241_Shox2_D_N2	207
0	100	ENSMUSG00000028201_LINE1245_Lhx8_D_N1	208
0	100	ENSMUSG00000028201_LINE1247_Lhx8_D_N1	209
0	100	ENSMUSG00000029112_LINE1250_Nkx11_I	210
0	100	ENSMUSG00000029546_LINE1251_Uncx_D_N2	211
0	100	ENSMUSG00000029556_LINE1254_Hnf1a_D_N2	212
0	100	ENSMUSG00000029706_LINE1261_Pax4_D_N1	213
0	100	ENSMUSG00000029736_LINE1264_Nobox_D_N2	214
0	100	ENSMUSG00000029754_LINE1266_Dlx6_I	215
0	100	ENSMUSG00000029755_LINE1267_Dlx5_D	216
0	100	ENSMUSG00000029844_LINE1268_Hoxa1_D	217
0	100	ENSMUSG00000031621_LINE1272_Isx_D	218
0	100	ENSMUSG00000031734_LINE1274_Irx3_D_N2	219
0	100	ENSMUSG00000032015_LINE1279_Pou2f3_D	220
0	100	ENSMUSG00000033080_LINE1282_Vsx1_D_N2	221
0	100	ENSMUSG00000034460_LINE1286_Six4_D	222
0	100	ENSMUSG00000034486_LINE1288_Gbx2_D_N2	223
0	100	ENSMUSG00000034777_LINE1291_Vax2_D	224
0	100	ENSMUSG00000035187_LINE1293_Nkx61_D	225
0	100	ENSMUSG00000035934_LINE1298_Pknox2_D_N1	226
0	100	ENSMUSG00000036144_LINE1302_Meox2_D	227
0	100	ENSMUSG00000036602_LINE1303_Alx1_D_N3	228
0	100	ENSMUSG00000038203_LINE1307_Hoxa13_D	229
0	100	ENSMUSG00000039095_LINE1322_En2_D_N2	230
0	100	ENSMUSG00000040310_LINE1330_Alx4_D_N1	231
0	100	ENSMUSG00000040726_LINE1334_Hesx1_I	232
0	100	ENSMUSG00000041420_LINE1340_Meis3_D_N1	233
0	100	ENSMUSG00000041578_LINE1342_Crx_D_N1	234
0	100	ENSMUSG00000041911_LINE1345_Dlx1_D_N2	235
0	100	ENSMUSG00000042448_LINE1348_Hoxd1_D	236
0	100	ENSMUSG00000043969_LINE1355_Emx2_D	237
0	100	ENSMUSG00000045515_LINE1360_Pou3f3_D	238
0	100	ENSMUSG00000045608_LINE1361_Dbx2_D	239
0	100	ENSMUSG00000047407_LINE1362_Tgif1_D	240
0	100	ENSMUSG00000048528_LINE1366_Nkx12_D	241
0	100	ENSMUSG00000048763_LINE1367_Hoxb3_D	242
0	100	ENSMUSG00000049691_LINE1369_Nkx32_D_N2	243
0	100	ENSMUSG00000051038_LINE1376_Rhox11_D_N4	244
0	100	ENSMUSG00000051367_LINE1380_Six1_D	245
0	100	ENSMUSG00000052534_LINE1382_Pbx1_D	246
0	100	ENSMUSG00000052621_LINE1383_Pou3f2_D	247
0	100	ENSMUSG00000053129_LINE1384_Gsx1_I	248
0	100	ENSMUSG00000054360_LINE1389_Bsx_D	249
0	100	ENSMUSG00000057156_LINE1393_Homez_D	250
0	100	ENSMUSG00000058665_LINE1394_En1_D_N1	251
0	100	ENSMUSG00000062175_LINE1403_Tgif2_D	252
0	100	ENSMUSG00000063672_LINE1405_Nkx63_I	253
0	100	ENSMUSG00000067724_LINE1410_Gbx1_D_N2	254
0	100	ENSMUSG00000068302_LINE1413_Noto_D	255
0	100	NP_0010765961_LINE6211_NP_0010765961_I_N11	256
0	100	NP_0010765961_LINE6214_NP_0010765961_I_N2	257
0	100	NP_0010765961_LINE6215_NP_0010765961_I_N4	258
0	100	NP_0010765961_LINE6216_NP_0010765961_I_N4	259
0	100	NP_0323002_LINE6275_NP_0323002_I_N8	260
0	100	NP_0832781_LINE6276_NP_0832781_I_N11	261
0	100	XP_0014736851_LINE1464_Nkx11_D_N7	262
0	100	XP_0036894501_LINE1465_Dobox4_D_N3	263
0	100	ENSMUSG00000027168_LINE1468_Pax6_D	264
0	100	ENSMUSG00000004842_LINE1469_Pou1f1_D_N3	265
0	100	ENSMUSG00000008496_LINE1472_Pou2f2_D_N1	266
0	100	ENSMUSG00000008496_LINE1473_Pou2f2_D_N1	267
0	100	ENSMUSG00000009734_LINE1475_Pou6f2_I	268
0	100	ENSMUSG00000024406_LINE1476_Pou5f1_D_N4	269
0	100	ENSMUSG00000026565_LINE1483_Pou2f1_D_N1	270
0	100	NP_0328751_LINE15940_Pit1_I_N1	271
0	100	NP_0328751_LINE15942_Pit1_I_N1	272
0	100	ENSMUSG00000045336_LINE1492_Hsfy2_I	273
0	100	ENSMUSG00000003184_LINE1496_Irf3_D	274
0	100	ENSMUSG00000075028_LINE1561_Prdm11_D	275
0	100	ENSMUSG00000034057_LINE1562_Gm239_I	276
0	100	ENSMUSG00000036098_LINE1563_Gm98_D	277
0	100	ENSMUSG00000002250_LINE1572_Ppard_I	278
0	100	ENSMUSG00000019803_LINE1594_Nr2e1_D_N1	279
0	100	ENSMUSG00000019803_LINE1595_Nr2e1_D_N1	280
0	100	ENSMUSG00000021055_LINE1597_Esr2_I	281
0	100	ENSMUSG00000022383_LINE1603_Ppara_I	282
0	100	ENSMUSG00000024431_LINE1607_Nr3c1_D	283
0	100	ENSMUSG00000028150_LINE1616_Rorc_I	284
0	100	ENSMUSG00000032238_LINE1621_Rora_D	285
0	100	ENSMUSG00000039656_LINE1629_Rxrb_D_N1	286
0	100	ENSMUSG00000059552_LINE1640_Trp53_D_N1	287
0	100	ENSMUSG00000059552_LINE1642_Trp53_D_N1	288
0	100	ENSMUSG00000001497_LINE1643_Pax9_I	289
0	100	ENSMUSG00000003847_LINE1653_Nfat5_I	290
0	100	ENSMUSG00000024927_LINE1657_Rela_D_N1	291
0	100	ENSMUSG00000027544_LINE1659_Nfatc2_I	292
0	100	ENSMUSG00000031902_LINE1661_Nfatc3_I	293
0	100	ENSMUSG00000033016_LINE1662_Nfatc1_I	294
0	100	ENSMUSG00000019900_LINE1664_Rfx6_I	295
0	100	ENSMUSG00000020037_LINE1665_Rfx4_D	296
0	100	ENSMUSG00000024206_LINE1666_Rfx2_D_N1	297
0	100	ENSMUSG00000031706_LINE1668_Rfx1_D	298
0	100	ENSMUSG00000040929_LINE1672_Rfx3_D_N1	299
0	100	ENSMUSG00000057173_LINE1673_Rfx8_I	300
0	100	ENSMUSG00000026222_LINE1678_Sp100_D	301
0	100	XP_0014735742_LINE1686_IRC900814_D_N3	302
0	100	ENSMUSG00000000567_LINE1701_Sox9_I	303
0	100	ENSMUSG00000000782_LINE1702_Tcf7_D_N1	304
0	100	ENSMUSG00000005442_LINE1706_Cic_D	305
0	100	ENSMUSG00000020232_LINE1710_Hmg20b_D	306
0	100	ENSMUSG00000024176_LINE1713_Sox8_D	307
0	100	ENSMUSG00000024985_LINE1715_Tcf7l2_D	308
0	100	ENSMUSG00000025902_LINE1717_Sox17_D_N1	309
0	100	ENSMUSG00000025902_LINE1718_Sox17_D_N1	310
0	100	ENSMUSG00000025902_LINE1720_Sox17_D_N1	311
0	100	ENSMUSG00000033006_LINE1725_Sox10_D_N1	312
0	100	ENSMUSG00000033006_LINE1727_Sox10_D_N1	313
0	100	ENSMUSG00000033006_LINE1728_Sox10_D_N1	314
0	100	ENSMUSG00000040489_LINE1733_Sox30_D	315
0	100	ENSMUSG00000041287_LINE1736_Sox15_D	316
0	100	ENSMUSG00000041540_LINE1737_Sox5_D_N2	317
0	100	ENSMUSG00000045179_LINE1741_Sox3_D_N1	318
0	100	ENSMUSG00000046470_LINE1746_Sox18_D	319
0	100	ENSMUSG00000051817_LINE1749_Sox12_D	320
0	100	ENSMUSG00000051910_LINE1750_Sox6_D_N1	321
0	100	ENSMUSG00000053747_LINE1752_Sox14_D_N1	322
0	100	ENSMUSG00000053747_LINE1753_Sox14_D_N1	323
0	100	ENSMUSG00000055799_LINE1755_Tcf7l1_D	324
0	100	ENSMUSG00000061517_LINE1757_Sox21_D	325
0	100	ENSMUSG00000063060_LINE1759_Sox7_D	326
0	100	ENSMUSG00000063632_LINE1761_Sox11_D_N1	327
0	100	ENSMUSG00000079994_LINE1775_ENSMUSG00000079994_D_N1	328
0	100	ENSMUSG00000079994_LINE1777_ENSMUSG00000079994_D_N1	329
0	100	ENSMUSG00000002147_LINE1780_Stat6_D	330
0	100	ENSMUSG00000004040_LINE1781_Stat3_D	331
0	100	ENSMUSG00000004043_LINE1782_Stat5a_I	332
0	100	ENSMUSG00000020919_LINE1783_Stat5b_I	333
0	100	ENSMUSG00000026104_LINE1784_Stat1_I	334
0	100	ENSMUSG00000000093_LINE1787_Tbx2_D_N1	335
0	100	ENSMUSG00000000093_LINE1788_Tbx2_D_N1	336
0	100	ENSMUSG00000000094_LINE1789_Tbx4_D	337
0	100	ENSMUSG00000009097_LINE1791_Tbx1_D	338
0	100	ENSMUSG00000018263_LINE1793_Tbx5_D	339
0	100	ENSMUSG00000018604_LINE1794_Tbx3_D	340
0	100	ENSMUSG00000031965_LINE1799_Tbx20_D	341
0	100	ENSMUSG00000032446_LINE1801_Eomes_D	342
0	100	ENSMUSG00000035033_LINE1802_Tbr1_D	343
0	100	ENSMUSG00000037477_LINE1803_Tbx10_I	344
0	100	ENSMUSG00000062327_LINE1804_T_D	345
0	100	ENSMUSG00000046711_LINE73_Hmga1_I_N2	346
0	100	ENSMUSG00000046711_LINE78_Hmga1_I_N1	347
0	100	ENSMUSG00000078249_LINE85_Hmga1rs1_I_N2	348
0	100	ENSMUSG00000078249_LINE90_Hmga1rs1_I_N1	349
0	100	ENSMUSG00000000435_LINE113_Myf5_I_N8	350
0	100	ENSMUSG00000000435_LINE112_Myf5_I_N1	351
0	100	ENSMUSG00000000435_LINE101_Myf5_I_N1	352
0	100	ENSMUSG00000000435_LINE104_Myf5_I_N1	353
0	100	ENSMUSG00000000435_LINE114_Myf5_I_N1	354
0	100	ENSMUSG00000000435_LINE110_Myf5_I_N1	355
0	100	ENSMUSG00000000435_LINE111_Myf5_I_N1	356
0	100	ENSMUSG00000005373_LINE127_Mlxipl_I_N1	357
0	100	ENSMUSG00000020052_LINE158_Ascl1_I_N2	358
0	100	ENSMUSG00000028417_LINE214_Tal2_I_N1	359
0	100	ENSMUSG00000028417_LINE220_Tal2_I_N1	360
0	100	ENSMUSG00000028717_LINE236_Tal1_I_N4	361
0	100	ENSMUSG00000028717_LINE239_Tal1_I_N1	362
0	100	ENSMUSG00000034041_LINE273_Lyl1_I_N4	363
0	100	ENSMUSG00000034041_LINE276_Lyl1_I_N1	364
0	100	ENSMUSG00000034701_LINE287_Neurod1_I_N2	365
0	100	ENSMUSG00000034701_LINE283_Neurod1_I_N1	366
0	100	ENSMUSG00000034701_LINE293_Neurod1_I_N1	367
0	100	ENSMUSG00000035799_LINE295_Twist1_I_N1	368
0	100	ENSMUSG00000035799_LINE301_Twist1_I_N1	369
0	100	ENSMUSG00000037984_LINE325_Neurod6_I_N2	370
0	100	ENSMUSG00000037984_LINE321_Neurod6_I_N1	371
0	100	ENSMUSG00000037984_LINE331_Neurod6_I_N1	372
0	100	ENSMUSG00000048015_LINE417_Neurod4_I_N2	373
0	100	ENSMUSG00000048015_LINE413_Neurod4_I_N1	374
0	100	ENSMUSG00000048015_LINE423_Neurod4_I_N1	375
0	100	ENSMUSG00000025408_LINE538_Ddit3_I	376
0	100	ENSMUSG00000026630_LINE555_Batf3_I_N1	377
0	100	ENSMUSG00000034266_LINE575_Batf_I_N1	378
0	100	ENSMUSG00000038539_LINE587_Atf5_I_N1	379
0	100	ENSMUSG00000038539_LINE594_Atf5_I_N1	380
0	100	ENSMUSG00000047591_LINE639_Mafa_I_N4	381
0	100	ENSMUSG00000047591_LINE638_Mafa_I_N1	382
0	100	ENSMUSG00000047591_LINE641_Mafa_I_N1	383
0	100	ENSMUSG00000047591_LINE643_Mafa_I_N1	384
0	100	ENSMUSG00000055435_LINE664_Maf_I_N4	385
0	100	ENSMUSG00000055435_LINE663_Maf_I_N1	386
0	100	ENSMUSG00000055435_LINE666_Maf_I_N1	387
0	100	ENSMUSG00000055435_LINE668_Maf_I_N1	388
0	100	ENSMUSG00000000078_LINE727_Klf6_I_N1	389
0	100	ENSMUSG00000000078_LINE728_Klf6_I_N1	390
0	100	ENSMUSG00000002578_LINE767_Ikzf4_I_N2	391
0	100	ENSMUSG00000015501_LINE830_Hivep2_I_N1	392
0	100	ENSMUSG00000020653_LINE897_Klf11_I_N3	393
0	100	ENSMUSG00000022676_LINE952_Snai2_I_N5	394
0	100	ENSMUSG00000022811_LINE957_Zfp148_I_N1	395
0	100	ENSMUSG00000025407_LINE1014_Gli1_I_N6	396
0	100	ENSMUSG00000027109_LINE1055_Sp3_I_N13	397
0	100	ENSMUSG00000027109_LINE1060_Sp3_I_N5	398
0	100	ENSMUSG00000027109_LINE1029_Sp3_I_N1	399
0	100	ENSMUSG00000027109_LINE1030_Sp3_I_N1	400
0	100	ENSMUSG00000027109_LINE1034_Sp3_I_N1	401
0	100	ENSMUSG00000027109_LINE1062_Sp3_I_N1	402
0	100	ENSMUSG00000028634_LINE1076_Hivep3_I_N1	403
0	100	ENSMUSG00000029178_LINE1088_Klf3_I_N1	404
0	100	ENSMUSG00000029178_LINE1089_Klf3_I_N1	405
0	100	ENSMUSG00000029249_LINE1131_Rest_I_N10	406
0	100	ENSMUSG00000029249_LINE1122_Rest_I_N1	407
0	100	ENSMUSG00000029249_LINE1130_Rest_I_N1	408
0	100	ENSMUSG00000037465_LINE1224_Klf10_I	409
0	100	ENSMUSG00000046873_LINE1363_Mbtps2_I_N1	410
0	100	ENSMUSG00000048402_LINE1433_Gli2_I_N6	411
0	100	ENSMUSG00000049295_LINE1480_Zfp219_I	412
0	100	ENSMUSG00000052040_LINE1535_Klf13_I_N3	413
0	100	ENSMUSG00000052040_LINE1529_Klf13_I_N1	414
0	100	ENSMUSG00000052942_LINE1545_Glis3_I_N3	415
0	100	ENSMUSG00000055148_LINE1577_Klf2_I_N1	416
0	100	ENSMUSG00000055148_LINE1578_Klf2_I_N1	417
0	100	ENSMUSG00000018554_LINE2089_Ybx2_I_N1	418
0	100	ENSMUSG00000028639_LINE2093_Ybx1_I_N1	419
0	100	ENSMUSG00000030189_LINE2097_Csda_I_N1	420
0	100	ENSMUSG00000043013_LINE2138_Onecut1_I_N5	421
0	100	ENSMUSG00000043013_LINE2143_Onecut1_I_N1	422
0	100	ENSMUSG00000045991_LINE2158_Onecut2_I_N5	423
0	100	ENSMUSG00000045991_LINE2163_Onecut2_I_N1	424
0	100	ENSMUSG00000022895_LINE2474_Ets2_I_N1	425
0	100	ENSMUSG00000022895_LINE2446_Ets2_I_N1	426
0	100	ENSMUSG00000022895_LINE2475_Ets2_I_N1	427
0	100	ENSMUSG00000033713_LINE2786_Foxn3_I_N1	428
0	100	ENSMUSG00000033713_LINE2795_Foxn3_I_N1	429
0	100	ENSMUSG00000033713_LINE2797_Foxn3_I_N1	430
0	100	ENSMUSG00000034998_LINE2823_Foxn2_I_N3	431
0	100	ENSMUSG00000034998_LINE2828_Foxn2_I_N3	432
0	100	ENSMUSG00000034998_LINE2812_Foxn2_I_N1	433
0	100	ENSMUSG00000034998_LINE2829_Foxn2_I_N1	434
0	100	ENSMUSG00000034998_LINE2834_Foxn2_I_N1	435
0	100	ENSMUSG00000034998_LINE2835_Foxn2_I_N1	436
0	100	ENSMUSG00000040891_LINE3497_Foxa3_I_N10	437
0	100	ENSMUSG00000040891_LINE3467_Foxa3_I_N8	438
0	100	ENSMUSG00000040891_LINE3434_Foxa3_I_N2	439
0	100	ENSMUSG00000040891_LINE3483_Foxa3_I_N5	440
0	100	ENSMUSG00000040891_LINE3403_Foxa3_I_N2	441
0	100	ENSMUSG00000040891_LINE3477_Foxa3_I_N3	442
0	100	ENSMUSG00000040891_LINE3482_Foxa3_I_N3	443
0	100	ENSMUSG00000040891_LINE3473_Foxa3_I_N2	444
0	100	ENSMUSG00000040891_LINE3400_Foxa3_I_N1	445
0	100	ENSMUSG00000040891_LINE3401_Foxa3_I_N1	446
0	100	ENSMUSG00000040891_LINE3410_Foxa3_I_N1	447
0	100	ENSMUSG00000040891_LINE3426_Foxa3_I_N1	448
0	100	ENSMUSG00000040891_LINE3501_Foxa3_I_N1	449
0	100	ENSMUSG00000040891_LINE3507_Foxa3_I_N1	450
0	100	ENSMUSG00000040891_LINE3508_Foxa3_I_N1	451
0	100	ENSMUSG00000050397_LINE4124_Foxl2_I_N1	452
0	100	ENSMUSG00000050397_LINE4177_Foxl2_I_N5	453
0	100	ENSMUSG00000050397_LINE4150_Foxl2_I_N3	454
0	100	ENSMUSG00000050397_LINE4091_Foxl2_I_N2	455
0	100	ENSMUSG00000050397_LINE4171_Foxl2_I_N3	456
0	100	ENSMUSG00000050397_LINE4176_Foxl2_I_N3	457
0	100	ENSMUSG00000050397_LINE4167_Foxl2_I_N2	458
0	100	ENSMUSG00000050397_LINE4088_Foxl2_I_N1	459
0	100	ENSMUSG00000050397_LINE4089_Foxl2_I_N1	460
0	100	ENSMUSG00000050397_LINE4101_Foxl2_I_N1	461
0	100	ENSMUSG00000050397_LINE4117_Foxl2_I_N1	462
0	100	ENSMUSG00000050397_LINE4195_Foxl2_I_N1	463
0	100	ENSMUSG00000050397_LINE4201_Foxl2_I_N1	464
0	100	ENSMUSG00000050397_LINE4202_Foxl2_I_N1	465
0	100	ENSMUSG00000051490_LINE4339_Foxd4_I_N8	466
0	100	ENSMUSG00000051490_LINE4309_Foxd4_I_N8	467
0	100	ENSMUSG00000051490_LINE4272_Foxd4_I_N2	468
0	100	ENSMUSG00000051490_LINE4325_Foxd4_I_N5	469
0	100	ENSMUSG00000051490_LINE4235_Foxd4_I_N2	470
0	100	ENSMUSG00000051490_LINE4319_Foxd4_I_N3	471
0	100	ENSMUSG00000051490_LINE4324_Foxd4_I_N3	472
0	100	ENSMUSG00000051490_LINE4315_Foxd4_I_N2	473
0	100	ENSMUSG00000051490_LINE4232_Foxd4_I_N1	474
0	100	ENSMUSG00000051490_LINE4233_Foxd4_I_N1	475
0	100	ENSMUSG00000051490_LINE4248_Foxd4_I_N1	476
0	100	ENSMUSG00000051490_LINE4264_Foxd4_I_N1	477
0	100	ENSMUSG00000051490_LINE4343_Foxd4_I_N1	478
0	100	ENSMUSG00000051490_LINE4349_Foxd4_I_N1	479
0	100	ENSMUSG00000051490_LINE4350_Foxd4_I_N1	480
0	100	ENSMUSG00000090020_LINE5205_ENSMUSG00000090020_I_N3	481
0	100	ENSMUSG00000090020_LINE5210_ENSMUSG00000090020_I_N3	482
0	100	ENSMUSG00000090020_LINE5193_ENSMUSG00000090020_I_N1	483
0	100	ENSMUSG00000090020_LINE5211_ENSMUSG00000090020_I_N1	484
0	100	ENSMUSG00000090020_LINE5216_ENSMUSG00000090020_I_N1	485
0	100	ENSMUSG00000090020_LINE5217_ENSMUSG00000090020_I_N1	486
0	100	ENSMUSG00000009741_LINE5318_Ubp1_I_N2	487
0	100	ENSMUSG00000040841_LINE5790_Six5_I_N4	488
0	100	ENSMUSG00000040841_LINE5782_Six5_I_N1	489
0	100	ENSMUSG00000040841_LINE5787_Six5_I_N1	490
0	100	ENSMUSG00000041730_LINE5807_Prrxl1_I_N1	491
0	100	ENSMUSG00000041730_LINE5832_Prrxl1_I_N1	492
0	100	ENSMUSG00000041730_LINE5835_Prrxl1_I_N1	493
0	100	ENSMUSG00000041730_LINE5895_Prrxl1_I_N1	494
0	100	ENSMUSG00000031688_LINE6328_Pou4f2_I_N4	495
0	100	ENSMUSG00000031688_LINE6329_Pou4f2_I_N1	496
0	100	ENSMUSG00000048349_LINE6338_Pou4f1_I_N4	497
0	100	ENSMUSG00000048349_LINE6339_Pou4f1_I_N1	498
0	100	ENSMUSG00000032481_LINE6526_Smarcc1_I_N2	499
0	100	ENSMUSG00000020889_LINE6649_Nr1d1_I_N1	500
0	100	ENSMUSG00000020889_LINE6650_Nr1d1_I_N1	501
0	100	ENSMUSG00000021775_LINE6674_Nr1d2_I_N1	502
0	100	ENSMUSG00000021775_LINE6675_Nr1d2_I_N1	503
0	100	ENSMUSG00000021779_LINE6684_Thrb_I_N1	504
0	100	ENSMUSG00000021779_LINE6685_Thrb_I_N1	505
0	100	ENSMUSG00000023034_LINE6706_Nr4a1_I_N1	506
0	100	ENSMUSG00000031870_LINE6833_Pgr_I_N2	507
0	100	ENSMUSG00000031870_LINE6815_Pgr_I_N1	508
0	100	ENSMUSG00000031870_LINE6834_Pgr_I_N1	509
0	100	ENSMUSG00000031870_LINE6835_Pgr_I_N1	510
0	100	ENSMUSG00000058756_LINE6870_Thra_I_N1	511
0	100	ENSMUSG00000058756_LINE6871_Thra_I_N1	512
0	100	ENSMUSG00000022510_LINE6881_Trp63_I_N2	513
0	100	ENSMUSG00000022510_LINE6882_Trp63_I_N1	514
0	100	ENSMUSG00000022510_LINE6883_Trp63_I_N1	515
0	100	ENSMUSG00000026976_LINE6949_Pax8_I_N1	516
0	100	ENSMUSG00000026976_LINE6950_Pax8_I_N1	517
0	100	ENSMUSG00000026976_LINE6954_Pax8_I_N1	518
0	100	ENSMUSG00000026976_LINE6969_Pax8_I_N1	519
0	100	ENSMUSG00000026976_LINE6970_Pax8_I_N1	520
0	100	ENSMUSG00000026976_LINE6976_Pax8_I_N1	521
0	100	ENSMUSG00000037034_LINE6979_Pax1_I_N1	522
0	100	ENSMUSG00000037034_LINE6982_Pax1_I_N1	523
0	100	ENSMUSG00000037034_LINE6997_Pax1_I_N1	524
0	100	ENSMUSG00000037034_LINE6998_Pax1_I_N1	525
0	100	ENSMUSG00000037034_LINE7004_Pax1_I_N1	526
0	100	ENSMUSG00000023411_LINE7035_Nfatc4_I_N10	527
0	100	ENSMUSG00000023411_LINE7047_Nfatc4_I_N1	528
0	100	ENSMUSG00000023411_LINE7048_Nfatc4_I_N1	529
0	100	ENSMUSG00000023411_LINE7049_Nfatc4_I_N1	530
0	100	ENSMUSG00000024515_LINE7356_Smad4_I_N1	531
0	100	ENSMUSG00000024515_LINE7357_Smad4_I_N1	532
0	100	ENSMUSG00000024563_LINE7363_Smad2_I_N1	533
0	100	ENSMUSG00000024563_LINE7364_Smad2_I_N1	534
0	100	ENSMUSG00000027868_LINE7567_Tbx15_I_N1	535
0	100	ENSMUSG00000027868_LINE7568_Tbx15_I_N1	536
0	100	ENSMUSG00000031241_LINE7574_Tbx22_I_N1	537
0	100	ENSMUSG00000031241_LINE7575_Tbx22_I_N1	538
0	100	ENSMUSG00000032419_LINE7580_Tbx18_I_N1	539
0	100	ENSMUSG00000032419_LINE7581_Tbx18_I_N1	540
0	100	ENSMUSG00000002249_LINE7609_Tead3_I_N1	541
0	100	ENSMUSG00000002249_LINE7610_Tead3_I_N1	542
0	100	ENSMUSG00000030353_LINE7613_Tead4_I_N1	543
0	100	ENSMUSG00000029832_LINE1491_Nfe2l3_I_N2	544
0	100	ENSMUSG00000016458_LINE2218_Wt1_I	545
0	100	ENSMUSG00000035397_LINE2773_Klf16_I_N3	546
0	100	ENSMUSG00000051176_LINE3218_Zfp42_I_N1	547
0	100	Q8K439_MOUSE_LINE3878_Zfp263_I_N1	548
0	100	ENSMUSG00000047143_LINE4019_Dmrta2_I_N3	549
0	100	ENSMUSG00000001517_LINE5830_Foxm1_I_N1	550
0	100	ENSMUSG00000001517_LINE5838_Foxm1_I_N1	551
0	100	ENSMUSG00000026497_LINE12141_Mixl1_I	552
0	100	ENSMUSG00000027796_LINE17908_Smad9_I_N1	553
0.387596899224806	99.6124031007752	ENSMUSG00000000440_LINE1566_Pparg_I	554
0.601051840721262	99.3989481592787	ENSMUSG00000046160_LINE142_Olig1_I	555
0.641539695268645	99.3584603047314	ENSMUSG00000022346_LINE75_Myc_D	556
0.692640692640693	99.3073593073593	ENSMUSG00000027985_LINE1723_Lef1_D	557
0.803571428571429	99.1964285714286	ENSMUSG00000074637_LINE1770_Sox2_D_N2	558
0.821018062397373	99.1789819376026	ENSMUSG00000043342_LINE1354_Hoxd9_D_N1	559
0.823421774931381	99.1765782250686	ENSMUSG00000027490_LINE993_E2f1_I	560
0.862068965517242	99.1379310344828	ENSMUSG00000046711_LINE79_Hmga1_I_N1	561
0.862068965517242	99.1379310344828	ENSMUSG00000078249_LINE91_Hmga1rs1_I_N1	562
0.888450148075025	99.111549851925	ENSMUSG00000025959_LINE374_Klf7_D	563
0.938086303939962	99.06191369606	ENSMUSG00000024518_LINE1214_Rax_D	564
1.02516309412861	98.9748369058714	ENSMUSG00000072294_LINE812_Klf12_D_N1	565
1.05348460291734	98.9465153970827	ENSMUSG00000023391_LINE1210_Dlx2_D_N2	566
1.07941403238242	98.9205859676176	ENSMUSG00000028717_LINE229_Tal1_I_N3	567
1.07941403238242	98.9205859676176	ENSMUSG00000034041_LINE266_Lyl1_I_N3	568
1.16569525395504	98.834304746045	ENSMUSG00000048481_LINE1557_Mypop_D	569
1.19047619047619	98.8095238095238	NP_0328751_LINE1488_Pit1_D_N4	570
1.33185349611543	98.6681465038846	ENSMUSG00000001566_LINE1150_Mnx1_D	571
1.33744855967078	98.6625514403292	ENSMUSG00000015846_LINE1583_Rxra_D_N1	572
1.57756354075372	98.4224364592463	ENSMUSG00000033726_LINE1284_Emx1_I	573
1.73116089613035	98.2688391038697	ENSMUSG00000002393_LINE1575_Nr2f6_D_N1	574
1.84563758389262	98.1543624161074	ENSMUSG00000050295_LINE1087_Foxc1_D_N1	575
1.85758513931889	98.1424148606811	ENSMUSG00000041483_LINE491_Zfp281_D_N1	576
1.95694716242661	98.0430528375734	ENSMUSG00000029595_LINE1256_Lhx5_D	577
2.01409869083585	97.9859013091641	ENSMUSG00000035946_LINE1299_Gsx2_D	578
2.22222222222222	97.7777777777778	ENSMUSG00000031737_LINE1276_Irx5_D	579
2.25782957028405	97.742170429716	ENSMUSG00000035799_LINE299_Twist1_I_N1	580
2.31862378459237	97.6813762154076	ENSMUSG00000034762_LINE442_Glis1_I	581
2.32558139534884	97.6744186046512	ENSMUSG00000006270_LINE1165_Vax1_D	582
2.46445497630332	97.5355450236967	ENSMUSG00000038765_LINE1320_Lmx1b_D	583
2.46445497630332	97.5355450236967	ENSMUSG00000039377_LINE1324_Hlx_D	584
2.46445497630332	97.5355450236967	ENSMUSG00000044542_LINE1359_Prop1_D	585
2.46445497630332	97.5355450236967	ENSMUSG00000041730_LINE5853_Prrxl1_I_N1	586
2.63876251137398	97.361237488626	ENSMUSG00000002249_LINE7611_Tead3_I_N1	587
2.64400377714825	97.3559962228517	ENSMUSG00000034551_LINE1289_Hdx_D	588
2.64840182648402	97.351598173516	ENSMUSG00000040148_LINE1329_Hmx3_D	589
2.64840182648402	97.351598173516	NP_0322833_LINE1458_NP_0322833_I_N3	590
2.71528316524438	97.2847168347556	ENSMUSG00000006311_LINE1007_Etv2_I	591
2.80112044817927	97.1988795518207	ENSMUSG00000026436_LINE1023_Elk4_D	592
2.82030620467365	97.1796937953264	ENSMUSG00000004328_LINE325_Hif3a_I_N1	593
2.83630470016207	97.1636952998379	ENSMUSG00000003282_LINE289_Plag1_I	594
2.86506469500924	97.1349353049908	ENSMUSG00000024619_LINE1215_Cdx1_D	595
2.86506469500924	97.1349353049908	ENSMUSG00000031326_LINE1271_Cdx4_I	596
2.86532951289398	97.134670487106	ENSMUSG00000037868_LINE463_Egr2_D_N2	597
2.8695652173913	97.1304347826087	ENSMUSG00000033237_LINE27_Arid2_I	598
2.87878787878788	97.1212121212121	ENSMUSG00000020160_LINE1184_Meis1_D_N2	599
2.87878787878788	97.1212121212121	ENSMUSG00000041420_LINE1338_Meis3_D_N2	600
2.91828793774319	97.0817120622568	ENSMUSG00000017688_LINE1589_Hnf4g_I	601
3.07262569832402	96.927374301676	BAE290471_LINE1221_Cebpd_I_N1	602
3.16301703163017	96.8369829683698	ENSMUSG00000033713_LINE2798_Foxn3_I_N2	603
3.16301703163017	96.8369829683698	ENSMUSG00000034998_LINE2833_Foxn2_I_N2	604
3.16301703163017	96.8369829683698	ENSMUSG00000050397_LINE4200_Foxl2_I_N10	605
3.16301703163017	96.8369829683698	ENSMUSG00000090020_LINE5215_ENSMUSG00000090020_I_N2	606
3.39855818743563	96.6014418125644	ENSMUSG00000026565_LINE1482_Pou2f1_D_N1	607
3.4446764091858	96.5553235908142	ENSMUSG00000056854_LINE1392_Pou3f4_D	608
3.46232179226069	96.5376782077393	ENSMUSG00000028736_LINE1249_Pax7_D	609
3.50262697022767	96.4973730297723	ENSMUSG00000056216_LINE244_Cebpg_D	610
3.61134995700774	96.3886500429923	ENSMUSG00000026077_LINE84_Npas2_D	611
3.88663967611336	96.1133603238866	ENSMUSG00000026572_LINE1795_Tbx19_I	612
4.00682011935209	95.9931798806479	ENSMUSG00000005373_LINE126_Mlxipl_I_N1	613
4.03755868544601	95.962441314554	ENSMUSG00000029646_LINE1259_Cdx2_D	614
4.12371134020619	95.8762886597938	ENSMUSG00000015522_LINE52_Arnt_D_N2	615
4.17090539165819	95.8290946083418	ENSMUSG00000014767_LINE1805_Tbp_D	616
4.17090539165819	95.8290946083418	ENSMUSG00000061809_LINE1806_Tbpl2_I	617
4.1780199818347	95.8219800181653	ENSMUSG00000035451_LINE1065_Foxa1_I	618
4.2042042042042	95.7957957957958	ENSMUSG00000002108_LINE1571_Nr1h3_I	619
4.2042042042042	95.7957957957958	ENSMUSG00000060601_LINE1635_Nr1h2_I	620
4.2654028436019	95.7345971563981	ENSMUSG00000026805_LINE1228_Barhl1_D_N3	621
4.34782608695652	95.6521739130435	ENSMUSG00000015839_LINE175_Nfe2l2_D	622
4.52224653537564	95.4777534646244	ENSMUSG00000034271_LINE210_Jdp2_D_N1	623
4.59459459459459	95.4054054054054	ENSMUSG00000039656_LINE1628_Rxrb_D_N1	624
4.64344941956882	95.3565505804312	ENSMUSG00000026976_LINE6977_Pax8_I_N1	625
4.64344941956882	95.3565505804312	ENSMUSG00000037034_LINE7005_Pax1_I_N1	626
4.75247524752475	95.2475247524752	ENSMUSG00000021779_LINE6683_Thrb_I_N2	627
4.75247524752475	95.2475247524752	ENSMUSG00000058756_LINE6869_Thra_I_N2	628
4.75266731328807	95.2473326867119	ENSMUSG00000039164_LINE1505_Naif1_I	629
4.88029465930019	95.1197053406998	ENSMUSG00000013089_LINE1017_Etv5_D	630
4.88029465930019	95.1197053406998	ENSMUSG00000044690_LINE1035_ENSMUSG00000044690_I	631
5.01193317422434	94.9880668257757	ENSMUSG00000029706_LINE1262_Pax4_D_N1	632
5.03018108651912	94.9698189134809	NP_0322962_LINE6255_NP_0322962_I_N2	633
5.04132231404959	94.9586776859504	NP_0011820571_LINE9905_Gm5294_I_N1	634
5.04132231404959	94.9586776859504	NP_0320502_LINE10028_Foxl1_I_N1	635
5.04132231404959	94.9586776859504	ENSMUSG00000040891_LINE3459_Foxa3_I_N1	636
5.04132231404959	94.9586776859504	ENSMUSG00000050397_LINE4153_Foxl2_I_N1	637
5.04132231404959	94.9586776859504	ENSMUSG00000051490_LINE4301_Foxd4_I_N1	638
5.10204081632653	94.8979591836735	ENSMUSG00000036192_LINE1623_Rorb_D	639
5.14233241505969	94.8576675849403	ENSMUSG00000047643_LINE1036_Gm5454_D	640
5.21091811414392	94.7890818858561	ENSMUSG00000029705_LINE1260_Cux1_D	641
5.24835988753515	94.7516401124649	ENSMUSG00000042406_LINE226_Atf4_D_N1	642
5.31358885017422	94.6864111498258	BAE290471_LINE1209_Cebpd_I_N23	643
5.31358885017422	94.6864111498258	ENSMUSG00000056501_LINE246_Cebpb_D_N3	644
5.52689756816507	94.4731024318349	ENSMUSG00000003545_LINE172_Fosb_I	645
5.58659217877095	94.413407821229	ENSMUSG00000055197_LINE1037_Fev_I	646
5.66762728146013	94.3323727185399	ENSMUSG00000015579_LINE1179_Nkx25_D_N1	647
5.67595459236326	94.3240454076367	ENSMUSG00000078236_LINE1487_Pou3f1_D_N2	648
5.8933582787652	94.1066417212348	ENSMUSG00000008193_LINE1008_Spib_I	649
5.89430894308943	94.1056910569106	ENSMUSG00000049604_LINE1368_Hoxb13_D	650
5.99369085173501	94.006309148265	ENSMUSG00000046873_LINE1383_Mbtps2_I_N3	651
5.99369085173501	94.006309148265	ENSMUSG00000051176_LINE3236_Zfp42_I_N3	652
6.00393700787402	93.996062992126	ENSMUSG00000022811_LINE962_Zfp148_I_N2	653
6.0634328358209	93.9365671641791	ENSMUSG00000015843_LINE1580_Rxrg_D	654
6.07843137254902	93.921568627451	ENSMUSG00000072294_LINE811_Klf12_D_N1	655
6.11724723874257	93.8827527612574	ENSMUSG00000000247_LINE1140_Lhx2_D	656
6.11724723874257	93.8827527612574	ENSMUSG00000006200_LINE1164_Rhox6_D	657
6.11724723874257	93.8827527612574	ENSMUSG00000019230_LINE1183_Lhx9_D	658
6.11724723874257	93.8827527612574	ENSMUSG00000034968_LINE1292_Lbx2_D	659
6.11724723874257	93.8827527612574	ENSMUSG00000035277_LINE1294_Arx_D_N1	660
6.11724723874257	93.8827527612574	ENSMUSG00000039476_LINE1328_Prrx2_D_N4	661
6.11724723874257	93.8827527612574	ENSMUSG00000068048_LINE1412_Rhox9_I	662
6.11724723874257	93.8827527612574	ENSMUSG00000041730_LINE5890_Prrxl1_I_N48	663
6.16153205661948	93.8384679433805	ENSMUSG00000017491_LINE1587_Rarb_D_N1	664
6.21761658031088	93.7823834196891	ENSMUSG00000022508_LINE341_Bcl6_D_N1	665
6.3449508489723	93.6550491510277	ENSMUSG00000019803_LINE1593_Nr2e1_D_N1	666
6.3508064516129	93.6491935483871	ENSMUSG00000066224_LINE24_Arid3c_I	667
6.43367752184273	93.5663224781573	ENSMUSG00000011349_LINE979_Dmrtc2_D	668
6.51982378854626	93.4801762114537	ENSMUSG00000056493_LINE1097_Foxk1_D_N1	669
6.51982378854626	93.4801762114537	NP_0011820571_LINE9930_Gm5294_I_N3	670
6.5377532228361	93.4622467771639	ENSMUSG00000026380_LINE1132_Tcfcp2l1_D_N1	671
6.5377532228361	93.4622467771639	ENSMUSG00000009741_LINE5314_Ubp1_I_N1	672
6.54008438818565	93.4599156118144	ENSMUSG00000021359_LINE3_Tcfap2a_D_N1	673
6.54981549815498	93.450184501845	ENSMUSG00000017724_LINE1019_Etv4_D	674
6.55737704918033	93.4426229508197	NP_0322962_LINE6265_NP_0322962_I_N2	675
6.56410256410256	93.4358974358974	ENSMUSG00000026976_LINE6948_Pax8_I_N1	676
6.56410256410256	93.4358974358974	ENSMUSG00000037034_LINE6978_Pax1_I_N1	677
6.67244367417678	93.3275563258232	ENSMUSG00000023990_LINE80_Tcfeb_D	678
6.74053554939981	93.2594644506002	ENSMUSG00000004151_LINE1004_Etv1_D	679
6.77837014470678	93.2216298552932	ENSMUSG00000060257_LINE703_Scrt2_I	680
6.8205666316894	93.1794333683106	ENSMUSG00000043342_LINE1353_Hoxd9_D_N1	681
6.94835680751174	93.0516431924883	ENSMUSG00000017950_LINE1591_Hnf4a_D_N1	682
7.04453441295547	92.9554655870445	ENSMUSG00000002996_LINE1704_Hbp1_D	683
7.08446866485014	92.9155313351499	ENSMUSG00000059689_LINE696_Zfp637_D	684
7.20338983050847	92.7966101694915	ENSMUSG00000059436_LINE156_Max_D_N3	685
7.265625	92.734375	Q8K439_MOUSE_LINE3883_Zfp263_I_N2	686
7.26915520628684	92.7308447937131	ENSMUSG00000044518_LINE1081_Foxe3_I	687
7.26915520628684	92.7308447937131	ENSMUSG00000055210_LINE1092_Foxd2_I	688
7.28008088978766	92.7199191102123	ENSMUSG00000029546_LINE1252_Uncx_D_N1	689
7.31452455590387	92.6854754440961	ENSMUSG00000001655_LINE1151_Hoxc13_D	690
7.41758241758242	92.5824175824176	ENSMUSG00000031738_LINE1277_Irx6_D	691
7.64705882352941	92.3529411764706	ENSMUSG00000027109_LINE1031_Sp3_I_N1	692
7.64762826718296	92.352371732817	ENSMUSG00000051490_LINE4226_Foxd4_I_N53	693
7.82422293676313	92.1757770632369	ENSMUSG00000038210_LINE1310_Hoxa11_D_N2	694
7.85060975609756	92.1493902439024	ENSMUSG00000006705_LINE1167_Pknox1_D	695
7.86963434022258	92.1303656597774	ENSMUSG00000025019_LINE1648_Lcor_I	696
8.00696257615318	91.9930374238468	ENSMUSG00000066798_LINE756_Zbtb6_I	697
8.02919708029197	91.970802919708	ENSMUSG00000030087_LINE1139_Klf15_I	698
8.07050092764378	91.9294990723562	ENSMUSG00000079560_LINE1441_Hoxa3_D_N2	699
8.1151832460733	91.8848167539267	ENSMUSG00000024955_LINE1609_Esrra_D_N1	700
8.1532416502947	91.8467583497053	NP_0011820571_LINE9929_Gm5294_I_N42	701
8.1532416502947	91.8467583497053	NP_0320502_LINE10059_Foxl1_I_N50	702
8.1532416502947	91.8467583497053	ENSMUSG00000040891_LINE3490_Foxa3_I_N47	703
8.17460317460317	91.8253968253968	ENSMUSG00000051490_LINE4287_Foxd4_I_N1	704
8.18540433925049	91.8145956607495	ENSMUSG00000034384_LINE1285_Barhl2_D	705
8.21394460362942	91.7860553963706	ENSMUSG00000046873_LINE1386_Mbtps2_I_N1	706
8.21394460362942	91.7860553963706	ENSMUSG00000051176_LINE3239_Zfp42_I_N1	707
8.22784810126582	91.7721518987342	BAE290471_LINE1238_Cebpd_I_N1	708
8.30188679245283	91.6981132075472	ENSMUSG00000038539_LINE592_Atf5_I_N2	709
8.44481605351171	91.5551839464883	ENSMUSG00000022330_LINE339_Osr2_D	710
8.59929078014185	91.4007092198582	ENSMUSG00000026630_LINE554_Batf3_I_N1	711
8.59929078014185	91.4007092198582	ENSMUSG00000034266_LINE574_Batf_I_N1	712
8.62068965517241	91.3793103448276	ENSMUSG00000004328_LINE324_Hif3a_I_N1	713
8.68397493285586	91.3160250671441	ENSMUSG00000048001_LINE146_Hes5_D	714
8.80557977332171	91.1944202266783	ENSMUSG00000029553_LINE98_Tcfec_D_N2	715
8.81801125703565	91.1819887429644	ENSMUSG00000008398_LINE1009_Elk3_D_N2	716
8.94308943089431	91.0569105691057	ENSMUSG00000015846_LINE1582_Rxra_D_N1	717
8.94874022589053	91.0512597741095	ENSMUSG00000035158_LINE115_Mitf_D	718
9.53221535745807	90.4677846425419	ENSMUSG00000034957_LINE212_Cebpa_D	719
9.57627118644068	90.4237288135593	ENSMUSG00000046532_LINE1630_Ar_D_N1	720
9.57627118644068	90.4237288135593	ENSMUSG00000031870_LINE6801_Pgr_I_N1	721
9.88142292490119	90.1185770750988	ENSMUSG00000041649_LINE492_Klf8_D	722
9.97328584149599	90.026714158504	BAE290471_LINE1211_Cebpd_I_N2	723
10.1180438448567	89.8819561551434	ENSMUSG00000037674_LINE1669_Rfx7_D_N2	724
10.3260869565217	89.6739130434783	ENSMUSG00000021779_LINE6682_Thrb_I_N1	725
10.3260869565217	89.6739130434783	ENSMUSG00000058756_LINE6868_Thra_I_N1	726
10.3632478632479	89.6367521367521	ENSMUSG00000022484_LINE1205_Hoxc10_D_N1	727
10.9008327024981	89.0991672975019	ENSMUSG00000074622_LINE263_Mafb_D_N1	728
10.9008327024981	89.0991672975019	ENSMUSG00000047591_LINE642_Mafa_I_N1	729
10.9008327024981	89.0991672975019	ENSMUSG00000055435_LINE667_Maf_I_N1	730
11.0509209100758	88.9490790899242	ENSMUSG00000019564_LINE13_Arid3a_D_N3	731
11.2453531598513	88.7546468401487	ENSMUSG00000021779_LINE6681_Thrb_I_N1	732
11.2453531598513	88.7546468401487	ENSMUSG00000058756_LINE6867_Thra_I_N1	733
11.2959719789842	88.7040280210158	ENSMUSG00000024215_LINE1021_Spdef_D_N2	734
11.3058720420684	88.6941279579316	ENSMUSG00000064137_LINE1407_Rhox8_I	735
11.3384484228474	88.6615515771526	ENSMUSG00000001288_LINE1570_Rarg_D_N1	736
11.3829787234043	88.6170212765957	ENSMUSG00000068327_LINE1414_Tlx2_D	737
11.391223155929	88.608776844071	NP_0011820571_LINE9884_Gm5294_I_N7	738
11.391223155929	88.608776844071	NP_0320502_LINE10009_Foxl1_I_N7	739
11.391223155929	88.608776844071	ENSMUSG00000040891_LINE3440_Foxa3_I_N7	740
11.391223155929	88.608776844071	ENSMUSG00000051490_LINE4278_Foxd4_I_N7	741
11.3947128532361	88.6052871467639	NP_0832781_LINE6279_NP_0832781_I_N2	742
11.3947128532361	88.6052871467639	ENSMUSG00000041309_LINE5796_Nkx62_I_N1	743
11.5520282186949	88.4479717813051	ENSMUSG00000070643_LINE1766_Sox13_D	744
11.6349047141424	88.3650952858576	ENSMUSG00000046873_LINE1387_Mbtps2_I_N16	745
11.6349047141424	88.3650952858576	ENSMUSG00000051176_LINE3240_Zfp42_I_N14	746
11.6700201207243	88.3299798792757	ENSMUSG00000058318_LINE32_Phf21a_D	747
11.701244813278	88.298755186722	ENSMUSG00000037992_LINE1625_Rara_D_N1	748
11.8012422360248	88.1987577639752	ENSMUSG00000000782_LINE1703_Tcf7_D_N1	749
11.9554204660588	88.0445795339412	ENSMUSG00000050368_LINE1374_Hoxd10_D	750
12.0242214532872	87.9757785467128	ENSMUSG00000000134_LINE36_Tcfe3_D	751
12.2775800711744	87.7224199288256	ENSMUSG00000052414_LINE238_Atf7_D	752
12.4663677130045	87.5336322869955	ENSMUSG00000034271_LINE211_Jdp2_D_N1	753
12.7118644067797	87.2881355932203	ENSMUSG00000069171_LINE1637_Nr2f1_D	754
12.7737226277372	87.2262773722628	ENSMUSG00000024922_LINE366_Ovol1_I	755
12.8871128871129	87.1128871128871	ENSMUSG00000030507_LINE1269_Dbx1_D	756
12.8871128871129	87.1128871128871	ENSMUSG00000041309_LINE5799_Nkx62_I_N5	757
12.9370629370629	87.0629370629371	ENSMUSG00000063632_LINE1760_Sox11_D_N1	758
12.9856850715746	87.0143149284254	ENSMUSG00000021264_LINE330_Yy1_I	759
13.0604288499025	86.9395711500975	ENSMUSG00000000078_LINE740_Klf6_I_N15	760
13.0604288499025	86.9395711500975	ENSMUSG00000029178_LINE1101_Klf3_I_N15	761
13.0604288499025	86.9395711500975	ENSMUSG00000055148_LINE1590_Klf2_I_N14	762
13.1255901794145	86.8744098205855	ENSMUSG00000009406_LINE1014_Elk1_D	763
13.170272812794	86.829727187206	ENSMUSG00000068267_LINE946_Cenpb_I	764
13.175355450237	86.824644549763	ENSMUSG00000031734_LINE1275_Irx3_D_N1	765
13.175355450237	86.824644549763	ENSMUSG00000060969_LINE1400_Irx1_I	766
13.2616487455197	86.7383512544803	ENSMUSG00000015846_LINE1581_Rxra_D_N1	767
13.506916192026	86.493083807974	ENSMUSG00000045179_LINE1743_Sox3_D_N1	768
13.6229022704837	86.3770977295163	ENSMUSG00000040310_LINE1331_Alx4_D_N1	769
13.6492890995261	86.3507109004739	ENSMUSG00000030067_LINE1050_Foxp1_D	770
13.6563876651982	86.3436123348018	ENSMUSG00000001419_LINE6416_Mef2d_I_N1	771
13.6563876651982	86.3436123348018	ENSMUSG00000079033_LINE16132_Mef2b_I_N1	772
13.6744186046512	86.3255813953488	ENSMUSG00000053007_LINE242_9430076C15Rik_D	773
13.7788778877888	86.2211221122112	ENSMUSG00000001517_LINE5831_Foxm1_I_N1	774
13.8783269961977	86.1216730038023	ENSMUSG00000035310_LINE968_Lin54_I	775
13.8888888888889	86.1111111111111	ENSMUSG00000001444_LINE1790_Tbx21_I	776
13.9418254764293	86.0581745235707	ENSMUSG00000001504_LINE1148_Irx2_D	777
13.9581256231306	86.0418743768694	ENSMUSG00000000942_LINE1144_Hoxa4_D	778
14.0794223826715	85.9205776173285	ENSMUSG00000003382_LINE1003_Etv3_D	779
14.1224489795918	85.8775510204082	ENSMUSG00000028940_LINE94_Hes2_D	780
14.2292490118577	85.7707509881423	ENSMUSG00000021779_LINE6676_Thrb_I_N1	781
14.2292490118577	85.7707509881423	ENSMUSG00000058756_LINE6862_Thra_I_N1	782
14.4375553587245	85.5624446412755	ENSMUSG00000036461_LINE1030_Elf1_I	783
14.5045045045045	85.4954954954955	ENSMUSG00000050397_LINE4128_Foxl2_I_N3	784
14.7757255936675	85.2242744063324	ENSMUSG00000027552_LINE994_E2f5_I	785
14.8997134670487	85.1002865329513	ENSMUSG00000003032_LINE286_Klf4_D_N2	786
14.9746192893401	85.0253807106599	ENSMUSG00000024563_LINE7362_Smad2_I_N1	787
14.9746192893401	85.0253807106599	ENSMUSG00000027796_LINE17906_Smad9_I_N1	788
14.9790794979079	85.020920502092	ENSMUSG00000024137_LINE2393_E4f1_I	789
15.0051387461459	84.9948612538541	ENSMUSG00000021944_LINE1116_Gata4_D_N1	790
15.0101419878296	84.9898580121704	ENSMUSG00000015627_LINE1114_Gata5_D	791
15.0355871886121	84.9644128113879	ENSMUSG00000001419_LINE6402_Mef2d_I_N1	792
15.0355871886121	84.9644128113879	ENSMUSG00000079033_LINE16118_Mef2b_I_N1	793
15.2021089630931	84.7978910369069	ENSMUSG00000050397_LINE4141_Foxl2_I_N17	794
15.4308617234469	84.5691382765531	ENSMUSG00000015619_LINE1113_Gata3_D	795
15.4761904761905	84.5238095238095	ENSMUSG00000033713_LINE2782_Foxn3_I_N4	796
15.5833333333333	84.4166666666667	ENSMUSG00000022895_LINE2468_Ets2_I_N1	797
15.6899810964083	84.3100189035917	ENSMUSG00000004359_LINE1005_Spic_D_N1	798
15.8714703018501	84.12852969815	ENSMUSG00000028341_LINE1617_Nr4a3_I	799
15.9090909090909	84.0909090909091	ENSMUSG00000031681_LINE7378_Smad1_I_N1	800
15.9090909090909	84.0909090909091	ENSMUSG00000021540_LINE17865_Smad5_I_N1	801
15.9090909090909	84.0909090909091	ENSMUSG00000027796_LINE17892_Smad9_I_N1	802
15.9390862944162	84.0609137055837	ENSMUSG00000005836_LINE1110_Gata6_D	803
16.034155597723	83.965844402277	ENSMUSG00000008575_LINE7350_Nfib_I_N4	804
16.034155597723	83.965844402277	ENSMUSG00000028565_LINE7375_Nfia_I_N4	805
16.1204605845881	83.8795394154119	ENSMUSG00000047861_LINE1083_Foxi1_I	806
16.1204605845881	83.8795394154119	ENSMUSG00000048377_LINE1084_Foxi2_I	807
16.1204605845881	83.8795394154119	ENSMUSG00000055874_LINE1093_Foxi3_I	808
16.1204605845881	83.8795394154119	NP_0011820571_LINE9852_Gm5294_I_N1	809
16.1204605845881	83.8795394154119	NP_0320502_LINE9973_Foxl1_I_N1	810
16.1204605845881	83.8795394154119	ENSMUSG00000040891_LINE3404_Foxa3_I_N1	811
16.1204605845881	83.8795394154119	ENSMUSG00000051490_LINE4236_Foxd4_I_N1	812
16.1262050832603	83.8737949167397	ENSMUSG00000024837_LINE980_Dmrt1_I	813
16.1750713606089	83.8249286393911	ENSMUSG00000052135_LINE1091_Foxo6_D	814
16.2609542356378	83.7390457643622	ENSMUSG00000042499_LINE1350_Hoxd11_D	815
16.3720930232558	83.6279069767442	ENSMUSG00000027109_LINE1064_Sp3_I_N1	816
16.4102564102564	83.5897435897436	ENSMUSG00000020950_LINE1046_Foxg1_D_N1	817
16.4136622390892	83.5863377609108	ENSMUSG00000039275_LINE1072_Foxk2_I	818
16.4136622390892	83.5863377609108	ENSMUSG00000048756_LINE1085_Foxo3_D	819
16.4136622390892	83.5863377609108	ENSMUSG00000056493_LINE1094_Foxk1_D_N2	820
16.5022421524664	83.4977578475336	ENSMUSG00000035041_LINE213_Creb3l3_I	821
16.5022421524664	83.4977578475336	ENSMUSG00000028466_LINE1467_Creb3_I_N1	822
16.5145228215768	83.4854771784232	ENSMUSG00000026641_LINE86_Usf1_D	823
16.5340406719717	83.4659593280283	ENSMUSG00000025498_LINE1499_Irf7_D	824
16.5474060822898	83.4525939177102	ENSMUSG00000070495_LINE1841_Ctcfl_I	825
16.6382252559727	83.3617747440273	ENSMUSG00000066772_LINE1408_Obox3_D	826
16.6382252559727	83.3617747440273	ENSMUSG00000074369_LINE1429_Gm5889_I	827
16.6953528399312	83.3046471600688	ENSMUSG00000000282_LINE38_Mnt_D	828
16.8765743073048	83.1234256926952	ENSMUSG00000089674_LINE168_Usf2_D	829
16.9332079021637	83.0667920978363	ENSMUSG00000027109_LINE1051_Sp3_I_N1	830
17.004048582996	82.9959514170041	ENSMUSG00000036139_LINE1300_Hoxc9_D_N1	831
17.004048582996	82.9959514170041	NP_0322962_LINE6234_NP_0322962_I_N2	832
17.1539961013645	82.8460038986355	ENSMUSG00000041730_LINE5870_Prrxl1_I_N13	833
17.1586715867159	82.8413284132841	ENSMUSG00000027104_LINE197_Atf2_D	834
17.2635445362718	82.7364554637282	ENSMUSG00000030551_LINE1618_Nr2f2_D	835
17.3306772908367	82.6693227091633	ENSMUSG00000075394_LINE1433_Hoxc4_D	836
17.3669467787115	82.6330532212885	NP_0320502_LINE9965_Foxl1_I_N1	837
17.3669467787115	82.6330532212885	ENSMUSG00000034998_LINE2808_Foxn2_I_N1	838
17.3669467787115	82.6330532212885	ENSMUSG00000040891_LINE3396_Foxa3_I_N1	839
17.3669467787115	82.6330532212885	ENSMUSG00000050397_LINE4084_Foxl2_I_N1	840
17.3669467787115	82.6330532212885	ENSMUSG00000051490_LINE4228_Foxd4_I_N1	841
17.3669467787115	82.6330532212885	ENSMUSG00000090020_LINE5187_ENSMUSG00000090020_I_N1	842
17.4496644295302	82.5503355704698	ENSMUSG00000023027_LINE185_Atf1_D_N1	843
17.5041876046901	82.4958123953099	ENSMUSG00000026491_LINE29_Ahctf1_D	844
17.5164473684211	82.4835526315789	ENSMUSG00000046957_LINE1822_Spz1_D	845
17.5494071146245	82.4505928853755	ENSMUSG00000022809_LINE1605_Nr1i2_I	846
17.5510204081633	82.4489795918367	ENSMUSG00000021944_LINE1117_Gata4_D_N1	847
17.5565610859729	82.4434389140272	ENSMUSG00000025529_LINE371_Zfp711_D	848
17.585848074922	82.414151925078	ENSMUSG00000005917_LINE1162_Otx1_D_N1	849
17.585848074922	82.414151925078	ENSMUSG00000041730_LINE5888_Prrxl1_I_N3	850
17.7587844254511	82.2412155745489	ENSMUSG00000003154_LINE1043_Foxj2_D_N2	851
17.7587844254511	82.2412155745489	ENSMUSG00000023991_LINE1048_Foxp4_I	852
17.7587844254511	82.2412155745489	ENSMUSG00000029563_LINE1049_Foxp2_D	853
17.7587844254511	82.2412155745489	ENSMUSG00000039521_LINE1073_Foxp3_I	854
17.8023850085179	82.1976149914821	A1JVI6_MOUSE_LINE1139_Dux_D	855
17.9357021996616	82.0642978003384	ENSMUSG00000034227_LINE1061_Foxj1_D	856
17.9357021996616	82.0642978003384	NP_0011820571_LINE9832_Gm5294_I_N1	857
17.9357021996616	82.0642978003384	NP_0320502_LINE9950_Foxl1_I_N1	858
17.9357021996616	82.0642978003384	ENSMUSG00000040891_LINE3382_Foxa3_I_N1	859
17.9357021996616	82.0642978003384	ENSMUSG00000051490_LINE4212_Foxd4_I_N1	860
17.9728317659352	82.0271682340648	ENSMUSG00000009741_LINE5320_Ubp1_I_N1	861
18.0269058295964	81.9730941704036	ENSMUSG00000005698_LINE295_Ctcf_D	862
18.0520570948783	81.9479429051217	ENSMUSG00000057469_LINE996_E2f6_I	863
18.4232365145228	81.5767634854772	ENSMUSG00000069036_LINE1764_Sry_D	864
18.4235517568851	81.5764482431149	ENSMUSG00000008976_LINE1011_Gabpa_D_N3	865
18.4235517568851	81.5764482431149	XP_9117244_LINE5773_Gm4881_I_N36	866
18.4235517568851	81.5764482431149	ENSMUSG00000022895_LINE2391_Ets2_I_N55	867
18.5714285714286	81.4285714285714	ENSMUSG00000022484_LINE1204_Hoxc10_D_N1	868
18.6	81.4	ENSMUSG00000031162_LINE1118_Gata1_D	869
18.6666666666667	81.3333333333333	ENSMUSG00000004231_LINE1466_Pax2_D	870
18.7683284457478	81.2316715542522	ENSMUSG00000032033_LINE1280_Barx2_D	871
19.1214470284238	80.8785529715762	ENSMUSG00000055116_LINE154_Arntl_D	872
19.1508581752484	80.8491418247516	ENSMUSG00000024513_LINE1513_Mbd2_I	873
19.1709844559585	80.8290155440415	ENSMUSG00000030103_LINE100_Bhlhe40_D_N5	874
19.2147034252297	80.7852965747702	ENSMUSG00000028654_LINE92_Mycl1_I	875
19.2147034252297	80.7852965747702	ENSMUSG00000037169_LINE121_Mycn_D	876
19.2147034252297	80.7852965747702	ENSMUSG00000044597_LINE136_Mycs_I	877
19.2167577413479	80.7832422586521	ENSMUSG00000031103_LINE1027_Elf4_D	878
19.2577733199599	80.7422266800401	ENSMUSG00000015053_LINE1112_Gata2_I	879
19.4192377495463	80.5807622504537	ENSMUSG00000027102_LINE1236_Hoxd8_D	880
19.4192377495463	80.5807622504537	ENSMUSG00000038721_LINE1319_Hoxb7_D	881
19.4218608852755	80.5781391147245	ENSMUSG00000021318_LINE331_Gli3_D	882
19.4366197183099	80.5633802816901	ENSMUSG00000062939_LINE1786_Stat4_D	883
19.5694716242661	80.4305283757338	ENSMUSG00000021779_LINE6679_Thrb_I_N2	884
19.5694716242661	80.4305283757338	ENSMUSG00000058756_LINE6865_Thra_I_N2	885
19.5729537366548	80.4270462633452	ENSMUSG00000019817_LINE320_Plagl1_D	886
19.7542533081285	80.2457466918714	ENSMUSG00000026628_LINE193_Atf3_D_N2	887
19.9019607843137	80.0980392156863	ENSMUSG00000060397_LINE708_Zfp128_D	888
19.9315654405475	80.0684345594525	ENSMUSG00000025958_LINE192_Creb1_D	889
20.2258726899384	79.7741273100616	ENSMUSG00000050328_LINE1373_Hoxc12_D	890
20.2258726899384	79.7741273100616	NP_0323002_LINE6267_NP_0323002_I_N2	891
20.2614379084967	79.7385620915033	ENSMUSG00000038705_LINE1680_Gmeb2_D	892
20.2651515151515	79.7348484848485	ENSMUSG00000037025_LINE1066_Foxa2_D_N1	893
20.3021718602455	79.6978281397545	ENSMUSG00000038692_LINE1316_Hoxb4_D	894
20.7547169811321	79.2452830188679	ENSMUSG00000023411_LINE7050_Nfatc4_I_N1	895
20.8333333333333	79.1666666666667	ENSMUSG00000032402_LINE1698_Smad3_D	896
20.8333333333333	79.1666666666667	ENSMUSG00000024563_LINE7358_Smad2_I_N1	897
20.8333333333333	79.1666666666667	ENSMUSG00000027796_LINE17891_Smad9_I_N1	898
20.9569377990431	79.0430622009569	ENSMUSG00000042903_LINE1078_Foxo4_D	899
21.0924369747899	78.9075630252101	ENSMUSG00000052942_LINE1547_Glis3_I_N1	900
21.2060301507538	78.7939698492462	ENSMUSG00000000938_LINE1142_Hoxa10_D	901
21.2686567164179	78.7313432835821	ENSMUSG00000005897_LINE1578_Nr2c1_D_N2	902
21.2765957446808	78.7234042553191	ENSMUSG00000001988_LINE41_Npas1_I	903
21.2765957446808	78.7234042553191	ENSMUSG00000019913_LINE60_Sim1_I	904
21.2765957446808	78.7234042553191	ENSMUSG00000021010_LINE71_Npas3_I	905
21.2765957446808	78.7234042553191	ENSMUSG00000062713_LINE160_Sim2_I	906
21.2765957446808	78.7234042553191	ENSMUSG00000036972_LINE452_Zic4_I	907
21.5962441314554	78.4037558685446	ENSMUSG00000055053_LINE1700_Nfic_I	908
21.9769673704415	78.0230326295585	ENSMUSG00000070031_LINE1682_Sp140_I	909
21.9769673704415	78.0230326295585	XP_0014735742_LINE1685_IRC900814_D_N3	910
22.0166512488437	77.9833487511563	ENSMUSG00000002393_LINE1574_Nr2f6_D_N1	911
22.0630372492837	77.9369627507163	ENSMUSG00000032998_LINE1051_Foxj3_D_N3	912
22.0630372492837	77.9369627507163	ENSMUSG00000034998_LINE2806_Foxn2_I_N8	913
22.0630372492837	77.9369627507163	ENSMUSG00000050397_LINE4067_Foxl2_I_N51	914
22.0630372492837	77.9369627507163	ENSMUSG00000090020_LINE5184_ENSMUSG00000090020_I_N9	915
22.1288515406162	77.8711484593838	ENSMUSG00000002393_LINE1573_Nr2f6_D_N1	916
22.2324723247232	77.7675276752768	ENSMUSG00000030199_LINE1026_Etv6_D	917
22.2739981360671	77.7260018639329	ENSMUSG00000019768_LINE1592_Esr1_D	918
22.3446893787575	77.6553106212425	ENSMUSG00000044186_LINE1356_Nkx26_D	919
22.4346076458752	77.5653923541248	ENSMUSG00000058669_LINE1397_Nkx29_D_N2	920
22.6503759398496	77.3496240601504	ENSMUSG00000026976_LINE6951_Pax8_I_N1	921
22.6626016260163	77.3373983739837	ENSMUSG00000001823_LINE1159_Hoxd12_I	922
22.7513227513228	77.2486772486773	ENSMUSG00000067860_LINE765_Zic3_D_N1	923
22.9865771812081	77.0134228187919	ENSMUSG00000052684_LINE240_Jun_D	924
23.3928571428571	76.6071428571428	ENSMUSG00000030256_LINE106_Bhlhe41_D	925
23.4533702677747	76.5466297322253	ENSMUSG00000024548_LINE28_Setbp1_D	926
23.5399820305481	76.4600179694519	ENSMUSG00000029135_LINE202_Fosl2_D	927
23.6569274269557	76.3430725730443	ENSMUSG00000004359_LINE1006_Spic_D_N1	928
23.8056680161943	76.1943319838057	ENSMUSG00000052837_LINE241_Junb_D	929
23.8636363636364	76.1363636363636	NP_0011820571_LINE9910_Gm5294_I_N5	930
23.8636363636364	76.1363636363636	NP_0320502_LINE10033_Foxl1_I_N5	931
23.8636363636364	76.1363636363636	ENSMUSG00000040891_LINE3464_Foxa3_I_N5	932
23.8636363636364	76.1363636363636	ENSMUSG00000050397_LINE4158_Foxl2_I_N5	933
23.8636363636364	76.1363636363636	ENSMUSG00000051490_LINE4306_Foxd4_I_N5	934
23.9800995024876	76.0199004975125	ENSMUSG00000026934_LINE1234_Lhx3_D_N1	935
24.0115718418515	75.9884281581485	ENSMUSG00000002111_LINE1000_Sfpi1_D_N2	936
24.1013071895425	75.8986928104575	ENSMUSG00000048385_LINE563_Scrt1_I	937
24.1818181818182	75.8181818181818	ENSMUSG00000024560_LINE972_Cxxc1_I	938
24.2317822651449	75.7682177348551	ENSMUSG00000046714_LINE1082_Foxc2_D	939
24.2317822651449	75.7682177348551	ENSMUSG00000074676_LINE1105_Foxs1_I	940
24.7088186356073	75.2911813643927	ENSMUSG00000022556_LINE1490_Hsf1_I	941
24.75	75.25	ENSMUSG00000017801_LINE55_Mlx_D_N3	942
24.8106060606061	75.1893939393939	ENSMUSG00000037174_LINE1031_Elf2_D	943
24.8296007789679	75.1703992210321	ENSMUSG00000026398_LINE1612_Nr5a2_D_N1	944
24.8296007789679	75.1703992210321	ENSMUSG00000026751_LINE6721_Nr5a1_I_N2	945
25.152749490835	74.847250509165	ENSMUSG00000001656_LINE1152_Hoxc11_D	946
25.222816399287	74.777183600713	ENSMUSG00000042477_LINE7_Tcfap2e_D	947
25.2911813643927	74.7088186356073	ENSMUSG00000037992_LINE1626_Rara_D_N1	948
25.327868852459	74.672131147541	ENSMUSG00000076431_LINE1772_Sox4_D	949
25.3494874184529	74.6505125815471	ENSMUSG00000054310_LINE1388_Obox1_D	950
25.5020080321285	74.4979919678715	ENSMUSG00000020875_LINE1188_Hoxb9_I	951
25.5020080321285	74.4979919678715	NP_0322962_LINE1459_NP_0322962_I_N31	952
25.531914893617	74.468085106383	ENSMUSG00000029644_LINE1257_Pdx1_D_N2	953
25.6055363321799	74.3944636678201	ENSMUSG00000051910_LINE1751_Sox6_D_N1	954
25.7032007759457	74.2967992240543	NP_0322962_LINE6254_NP_0322962_I_N8	955
25.8558558558559	74.1441441441441	ENSMUSG00000063889_LINE256_Crem_D	956
25.8878504672897	74.1121495327103	ENSMUSG00000047638_LINE6853_Nr1h4_I_N1	957
25.8878504672897	74.1121495327103	ENSMUSG00000048938_LINE6860_Nr1h5_I_N1	958
26.0093896713615	73.9906103286385	ENSMUSG00000017491_LINE1585_Rarb_D_N1	959
26.172607879925	73.827392120075	ENSMUSG00000001288_LINE1567_Rarg_D_N1	960
26.1770244821092	73.8229755178908	ENSMUSG00000024955_LINE1610_Esrra_D_N1	961
26.2100456621005	73.7899543378996	ENSMUSG00000034271_LINE208_Jdp2_D_N2	962
26.3765541740675	73.6234458259325	ENSMUSG00000045179_LINE1745_Sox3_D_N1	963
26.3978001833181	73.6021998166819	ENSMUSG00000023027_LINE186_Atf1_D_N1	964
26.4227642276423	73.5772357723577	NP_0322962_LINE6263_NP_0322962_I_N4	965
26.8271711092003	73.1728288907997	ENSMUSG00000022484_LINE1203_Hoxc10_D_N1	966
26.8271711092003	73.1728288907997	ENSMUSG00000079277_LINE1439_Hoxd3_D_N2	967
26.8571428571429	73.1428571428571	ENSMUSG00000001661_LINE1154_Hoxc6_D	968
26.8582755203172	73.1417244796829	ENSMUSG00000021099_LINE1191_Six6_D_N1	969
26.8849206349206	73.1150793650794	ENSMUSG00000026976_LINE6971_Pax8_I_N1	970
26.8849206349206	73.1150793650794	ENSMUSG00000037034_LINE6999_Pax1_I_N1	971
27.0428015564202	72.9571984435798	NP_0322833_LINE6229_NP_0322833_I_N18	972
27.2146118721461	72.7853881278539	ENSMUSG00000015846_LINE1584_Rxra_D_N1	973
27.3003033367037	72.6996966632963	NP_0322962_LINE6266_NP_0322962_I_N2	974
27.5	72.5	ENSMUSG00000038253_LINE1315_Hoxa5_D	975
27.6712328767123	72.3287671232877	ENSMUSG00000005774_LINE1663_Rfx5_I	976
27.893175074184	72.106824925816	ENSMUSG00000050100_LINE1371_Hmx2_D	977
28.0357142857143	71.9642857142857	ENSMUSG00000000078_LINE748_Klf6_I_N1	978
28.0357142857143	71.9642857142857	ENSMUSG00000029178_LINE1109_Klf3_I_N1	979
28.0357142857143	71.9642857142857	ENSMUSG00000055148_LINE1598_Klf2_I_N1	980
28.0977312390925	71.9022687609075	ENSMUSG00000040841_LINE5788_Six5_I_N1	981
28.2801418439716	71.7198581560284	ENSMUSG00000031921_LINE1545_Terf2_D	982
28.2926829268293	71.7073170731707	ENSMUSG00000036602_LINE1306_Alx1_D_N1	983
28.3170080142476	71.6829919857525	ENSMUSG00000046711_LINE74_Hmga1_I_N1	984
28.3170080142476	71.6829919857525	ENSMUSG00000078249_LINE86_Hmga1rs1_I_N1	985
28.3905967450271	71.6094032549729	ENSMUSG00000029026_LINE1639_Trp73_D	986
28.3905967450271	71.6094032549729	ENSMUSG00000022510_LINE6879_Trp63_I_N1	987
28.5468615649183	71.4531384350817	ENSMUSG00000017491_LINE1588_Rarb_D_N1	988
28.6086956521739	71.3913043478261	ENSMUSG00000001288_LINE1569_Rarg_D_N1	989
28.7223823246878	71.2776176753122	ENSMUSG00000031870_LINE6832_Pgr_I_N2	990
28.7712287712288	71.2287712287712	ENSMUSG00000044220_LINE1357_Nkx23_D	991
28.918692372171	71.081307627829	ENSMUSG00000071262_LINE33_Zfp957_I	992
29.0540540540541	70.9459459459459	ENSMUSG00000035934_LINE1297_Pknox2_D_N1	993
29.1471415182755	70.8528584817245	ENSMUSG00000054191_LINE628_Klf1_D	994
29.2145593869732	70.7854406130268	ENSMUSG00000043099_LINE505_Hic1_D_N2	995
29.2237442922374	70.7762557077626	ENSMUSG00000000078_LINE746_Klf6_I_N1	996
29.2237442922374	70.7762557077626	ENSMUSG00000029178_LINE1107_Klf3_I_N1	997
29.2237442922374	70.7762557077626	ENSMUSG00000055148_LINE1596_Klf2_I_N1	998
29.2237442922374	70.7762557077626	ENSMUSG00000047638_LINE6854_Nr1h4_I_N1	999
29.2237442922374	70.7762557077626	ENSMUSG00000048938_LINE6861_Nr1h5_I_N1	1000
29.3133802816901	70.6866197183099	ENSMUSG00000001419_LINE6418_Mef2d_I_N1	1001
29.3133802816901	70.6866197183099	ENSMUSG00000079033_LINE16134_Mef2b_I_N1	1002
29.3260473588342	70.6739526411658	NP_0011820571_LINE9844_Gm5294_I_N1	1003
29.3260473588342	70.6739526411658	NP_0320502_LINE9964_Foxl1_I_N1	1004
29.3260473588342	70.6739526411658	ENSMUSG00000040891_LINE3395_Foxa3_I_N1	1005
29.3260473588342	70.6739526411658	ENSMUSG00000050397_LINE4083_Foxl2_I_N1	1006
29.3260473588342	70.6739526411658	ENSMUSG00000051490_LINE4227_Foxd4_I_N1	1007
29.4444444444444	70.5555555555555	ENSMUSG00000012350_LINE1015_Ehf_D_N2	1008
29.4765840220386	70.5234159779614	ENSMUSG00000025902_LINE1719_Sox17_D_N1	1009
29.5603367633302	70.4396632366698	ENSMUSG00000026976_LINE6972_Pax8_I_N2	1010
29.5603367633302	70.4396632366698	ENSMUSG00000037034_LINE7000_Pax1_I_N2	1011
29.8409728718428	70.1590271281572	ENSMUSG00000020484_LINE180_Xbp1_D_N1	1012
29.8598949211909	70.1401050788091	ENSMUSG00000005583_LINE1508_Mef2c_I	1013
29.9539170506912	70.0460829493088	ENSMUSG00000027186_LINE1024_Elf5_D_N2	1014
29.9621928166352	70.0378071833648	ENSMUSG00000002111_LINE997_Sfpi1_D_N2	1015
30.0751879699248	69.9248120300752	ENSMUSG00000028901_LINE1679_Gmeb1_D	1016
30.2007299270073	69.7992700729927	ENSMUSG00000015461_LINE174_Atf6b_I	1017
30.2007299270073	69.7992700729927	ENSMUSG00000026663_LINE196_Atf6_I	1018
30.2092811646952	69.7907188353048	ENSMUSG00000018899_LINE1497_Irf1_I	1019
30.210970464135	69.789029535865	ENSMUSG00000017950_LINE1590_Hnf4a_D_N1	1020
30.2480916030534	69.7519083969466	ENSMUSG00000050240_LINE593_Hic2_I	1021
30.4186046511628	69.5813953488372	ENSMUSG00000023034_LINE6710_Nr4a1_I_N5	1022
30.4227941176471	69.5772058823529	ENSMUSG00000020484_LINE179_Xbp1_D_N1	1023
30.4554079696395	69.5445920303605	ENSMUSG00000005893_LINE1577_Nr2c2_I	1024
30.4753820033956	69.5246179966044	ENSMUSG00000071076_LINE258_Jund_D	1025
30.6280193236715	69.3719806763285	ENSMUSG00000004872_LINE1467_Pax3_I	1026
30.6967984934087	69.3032015065913	ENSMUSG00000021362_LINE5293_Gcm2_I_N14	1027
30.7692307692308	69.2307692307692	ENSMUSG00000038227_LINE1311_Hoxa9_D_N1	1028
30.7692307692308	69.2307692307692	ENSMUSG00000031627_LINE1502_Irf2_D	1029
31.1446317657498	68.8553682342502	ENSMUSG00000038648_LINE216_Creb3l2_D_N1	1030
31.2022900763359	68.7977099236641	ENSMUSG00000043219_LINE1351_Hoxa6_D	1031
31.6860465116279	68.3139534883721	ENSMUSG00000027434_LINE1240_Nkx22_D	1032
31.993006993007	68.006993006993	ENSMUSG00000052271_LINE152_Bhlha15_D	1033
32.1161048689139	67.8838951310861	ENSMUSG00000015605_LINE1509_Srf_D	1034
32.2368421052632	67.7631578947368	ENSMUSG00000021255_LINE1599_Esrrb_D_N3	1035
32.4878048780488	67.5121951219512	NP_0322962_LINE6261_NP_0322962_I_N2	1036
32.5147347740668	67.4852652259332	ENSMUSG00000015579_LINE1177_Nkx25_D_N1	1037
32.518115942029	67.481884057971	ENSMUSG00000043099_LINE506_Hic1_D_N1	1038
32.5602968460111	67.4397031539889	ENSMUSG00000046873_LINE1362_Mbtps2_I_N1	1039
32.5602968460111	67.4397031539889	ENSMUSG00000051176_LINE3217_Zfp42_I_N1	1040
32.6247689463956	67.3752310536045	ENSMUSG00000003051_LINE1001_Elf3_D_N2	1041
32.6370757180157	67.3629242819843	ENSMUSG00000038648_LINE218_Creb3l2_D_N1	1042
32.7837051406402	67.2162948593598	ENSMUSG00000067860_LINE764_Zic3_D_N1	1043
32.8488372093023	67.1511627906977	ENSMUSG00000042472_LINE500_Zfp410_D	1044
32.9756097560976	67.0243902439024	ENSMUSG00000067438_LINE1409_Hmx1_D	1045
33.092876465284	66.907123534716	ENSMUSG00000025369_LINE1534_Smarcc2_I	1046
33.092876465284	66.907123534716	ENSMUSG00000032481_LINE6527_Smarcc1_I_N1	1047
33.1564986737401	66.8435013262599	ENSMUSG00000030753_LINE1815_Prkrir_I	1048
33.248730964467	66.751269035533	ENSMUSG00000059552_LINE1641_Trp53_D_N1	1049
33.2706766917293	66.7293233082707	ENSMUSG00000037992_LINE1624_Rara_D_N1	1050
33.4742180896027	66.5257819103973	ENSMUSG00000024912_LINE189_Fosl1_D	1051
33.5205992509363	66.4794007490637	ENSMUSG00000035277_LINE1295_Arx_D_N1	1052
33.5616438356164	66.4383561643836	ENSMUSG00000015579_LINE1178_Nkx25_D_N1	1053
33.5616438356164	66.4383561643836	ENSMUSG00000032318_LINE1281_Isl2_D	1054
33.5616438356164	66.4383561643836	ENSMUSG00000042258_LINE1347_Isl1_I	1055
33.5616438356164	66.4383561643836	ENSMUSG00000048450_LINE1363_Msx1_D	1056
33.5657370517928	66.4342629482072	ENSMUSG00000038227_LINE1312_Hoxa9_D_N1	1057
33.5657370517928	66.4342629482072	NP_0322962_LINE6241_NP_0322962_I_N4	1058
33.6118848653668	66.3881151346332	ENSMUSG00000021359_LINE4_Tcfap2a_D_N1	1059
33.6879432624113	66.3120567375886	ENSMUSG00000040929_LINE1671_Rfx3_D_N1	1060
33.9106654512306	66.0893345487694	ENSMUSG00000027684_LINE385_Mecom_D	1061
33.9731285988484	66.0268714011516	ENSMUSG00000038346_LINE1233_Zfp384_I	1062
34.2237061769616	65.7762938230384	ENSMUSG00000028417_LINE219_Tal2_I_N1	1063
34.2237061769616	65.7762938230384	ENSMUSG00000028717_LINE238_Tal1_I_N1	1064
34.2237061769616	65.7762938230384	ENSMUSG00000034041_LINE275_Lyl1_I_N1	1065
34.3570057581574	65.6429942418426	ENSMUSG00000048138_LINE985_Dmrt2_I	1066
34.3636363636364	65.6363636363636	ENSMUSG00000028466_LINE1468_Creb3_I_N1	1067
34.3778801843318	65.6221198156682	ENSMUSG00000016477_LINE990_E2f3_D_N1	1068
34.5195729537367	65.4804270462633	ENSMUSG00000019789_LINE59_Hey2_D	1069
34.5195729537367	65.4804270462633	ENSMUSG00000032744_LINE111_Heyl_I	1070
34.5195729537367	65.4804270462633	ENSMUSG00000040289_LINE132_Hey1_I	1071
34.5489443378119	65.4510556621881	ENSMUSG00000038236_LINE1314_Hoxa7_D_N2	1072
34.5535714285714	65.4464285714286	ENSMUSG00000000078_LINE749_Klf6_I_N1	1073
34.5535714285714	65.4464285714286	ENSMUSG00000029178_LINE1110_Klf3_I_N1	1074
34.625550660793	65.374449339207	XP_9117244_LINE5798_Gm4881_I_N2	1075
34.625550660793	65.374449339207	ENSMUSG00000022895_LINE2430_Ets2_I_N2	1076
34.7378277153558	65.2621722846442	ENSMUSG00000026398_LINE1611_Nr5a2_D_N1	1077
34.7378277153558	65.2621722846442	ENSMUSG00000026751_LINE6719_Nr5a1_I_N5	1078
34.7956131605184	65.2043868394816	ENSMUSG00000036139_LINE1301_Hoxc9_D_N1	1079
35.1301115241636	64.8698884758364	XP_9117244_LINE5816_Gm4881_I_N4	1080
35.1301115241636	64.8698884758364	ENSMUSG00000022895_LINE2454_Ets2_I_N4	1081
35.4126679462572	64.5873320537428	ENSMUSG00000063972_LINE1636_Nr6a1_I	1082
35.653809971778	64.346190028222	NP_0011820571_LINE9899_Gm5294_I_N1	1083
35.653809971778	64.346190028222	ENSMUSG00000050397_LINE4147_Foxl2_I_N1	1084
35.653809971778	64.346190028222	ENSMUSG00000051490_LINE4295_Foxd4_I_N1	1085
35.6873822975518	64.3126177024482	ENSMUSG00000030678_LINE1154_Maz_I	1086
35.8641358641359	64.1358641358641	ENSMUSG00000012396_LINE1172_Nanog_D	1087
35.8906525573192	64.1093474426808	ENSMUSG00000001419_LINE6419_Mef2d_I_N14	1088
35.8906525573192	64.1093474426808	ENSMUSG00000079033_LINE16135_Mef2b_I_N14	1089
36.0640301318267	63.9359698681733	ENSMUSG00000001657_LINE1153_Hoxc8_D	1090
36.1818181818182	63.8181818181818	ENSMUSG00000001288_LINE1568_Rarg_D_N1	1091
36.2948960302457	63.7051039697542	ENSMUSG00000000078_LINE745_Klf6_I_N1	1092
36.2948960302457	63.7051039697542	ENSMUSG00000029178_LINE1106_Klf3_I_N1	1093
36.2948960302457	63.7051039697542	ENSMUSG00000055148_LINE1595_Klf2_I_N1	1094
36.3392857142857	63.6607142857143	ENSMUSG00000030557_LINE1510_Mef2a_I	1095
36.3395225464191	63.6604774535809	ENSMUSG00000035011_LINE1191_Zbtb7a_I_N1	1096
36.3395225464191	63.6604774535809	ENSMUSG00000044646_LINE1333_Zbtb7c_I_N1	1097
36.5384615384615	63.4615384615385	ENSMUSG00000050397_LINE4127_Foxl2_I_N1	1098
36.7446393762183	63.2553606237817	ENSMUSG00000046179_LINE995_E2f8_I	1099
36.7577756833176	63.2422243166824	ENSMUSG00000038700_LINE1317_Hoxb5_D	1100
36.8852459016394	63.1147540983607	ENSMUSG00000037992_LINE1627_Rara_D_N1	1101
36.8860055607043	63.1139944392956	ENSMUSG00000017491_LINE1586_Rarb_D_N1	1102
36.9836695485111	63.016330451489	ENSMUSG00000054160_LINE1387_Nkx24_D	1103
37.3574144486692	62.6425855513308	ENSMUSG00000032368_LINE426_Zic1_D	1104
37.3626373626374	62.6373626373626	ENSMUSG00000040033_LINE1785_Stat2_I	1105
37.3815676141258	62.6184323858742	ENSMUSG00000043342_LINE1352_Hoxd9_D_N1	1106
37.4576271186441	62.5423728813559	ENSMUSG00000040732_LINE1033_Erg_D_N1	1107
37.5	62.5	ENSMUSG00000020185_LINE992_E2f7_I	1108
37.5328083989501	62.4671916010499	ENSMUSG00000021362_LINE5300_Gcm2_I_N1	1109
37.6977152899824	62.3022847100176	ENSMUSG00000038648_LINE217_Creb3l2_D_N1	1110
37.7694470477976	62.2305529522024	ENSMUSG00000079509_LINE916_Zfx_D_N1	1111
37.79296875	62.20703125	NP_0322962_LINE6242_NP_0322962_I_N2	1112
38.1686310063463	61.8313689936537	ENSMUSG00000038342_LINE128_Mlxip_D	1113
38.7066541705717	61.2933458294283	ENSMUSG00000022061_LINE1201_Nkx31_D_N2	1114
38.7337057728119	61.2662942271881	ENSMUSG00000026610_LINE1613_Esrrg_D	1115
39.1102873030584	60.8897126969416	ENSMUSG00000045591_LINE138_Olig3_D	1116
39.1752577319588	60.8247422680412	ENSMUSG00000024955_LINE1608_Esrra_D_N1	1117
39.1992551210428	60.8007448789572	ENSMUSG00000035011_LINE1188_Zbtb7a_I_N1	1118
39.1992551210428	60.8007448789572	ENSMUSG00000044646_LINE1330_Zbtb7c_I_N1	1119
39.4221808014911	60.5778191985089	ENSMUSG00000079994_LINE1778_ENSMUSG00000079994_D_N1	1120
39.572192513369	60.427807486631	ENSMUSG00000046873_LINE1378_Mbtps2_I_N1	1121
39.572192513369	60.427807486631	ENSMUSG00000051176_LINE3233_Zfp42_I_N1	1122
39.7142857142857	60.2857142857143	ENSMUSG00000023932_LINE1532_Cdc5l_I	1123
40.0196656833825	59.9803343166175	ENSMUSG00000031393_LINE1517_Mecp2_D	1124
40.0763358778626	59.9236641221374	ENSMUSG00000020679_LINE1186_Hnf1b_D	1125
40.2917046490428	59.7082953509572	ENSMUSG00000050295_LINE1086_Foxc1_D_N2	1126
40.9134157944815	59.0865842055186	ENSMUSG00000056648_LINE1391_Hoxb8_D	1127
40.9134157944815	59.0865842055186	NP_0322962_LINE6237_NP_0322962_I_N2	1128
41.0565338276182	58.9434661723818	ENSMUSG00000024206_LINE1667_Rfx2_D_N1	1129
41.1089866156788	58.8910133843212	ENSMUSG00000038210_LINE1309_Hoxa11_D_N1	1130
42.0289855072464	57.9710144927536	ENSMUSG00000042464_LINE1349_Hoxd4_I	1131
42.5379803395889	57.4620196604111	ENSMUSG00000031681_LINE7389_Smad1_I_N1	1132
42.5379803395889	57.4620196604111	ENSMUSG00000021540_LINE17876_Smad5_I_N1	1133
42.5379803395889	57.4620196604111	ENSMUSG00000027796_LINE17905_Smad9_I_N1	1134
43.2777232580962	56.7222767419038	ENSMUSG00000021327_LINE332_Zkscan3_I	1135
43.2777232580962	56.7222767419038	ENSMUSG00000054931_LINE639_Zkscan4_I	1136
43.8748913987837	56.1251086012163	ENSMUSG00000051184_LINE606_Zfp524_I	1137
44.5883441258094	55.4116558741906	ENSMUSG00000022479_LINE1604_Vdr_D	1138
44.8212648945921	55.1787351054079	ENSMUSG00000021514_LINE335_Zfp369_I	1139
44.8212648945921	55.1787351054079	ENSMUSG00000058638_LINE686_Zfp110_I	1140
44.8215839860748	55.1784160139251	ENSMUSG00000005677_LINE1576_Nr1i3_I	1141
44.8467966573816	55.1532033426184	ENSMUSG00000002325_LINE1495_Irf9_D	1142
45.0232558139535	54.9767441860465	ENSMUSG00000061524_LINE716_Zic2_D	1143
45.0611476952023	54.9388523047977	ENSMUSG00000033863_LINE432_Klf9_D	1144
45.0611476952023	54.9388523047977	ENSMUSG00000052040_LINE1528_Klf13_I_N1	1145
45.0611476952023	54.9388523047977	ENSMUSG00000035397_LINE2767_Klf16_I_N1	1146
45.0743494423792	54.9256505576208	ENSMUSG00000037025_LINE1067_Foxa2_D_N1	1147
45.2274754683318	54.7725245316682	ENSMUSG00000024561_LINE973_Mbd1_D	1148
45.4038997214485	54.5961002785515	ENSMUSG00000001419_LINE6399_Mef2d_I_N1	1149
45.4038997214485	54.5961002785515	ENSMUSG00000079033_LINE16115_Mef2b_I_N1	1150
45.5482661668229	54.4517338331771	NP_0323002_LINE6274_NP_0323002_I_N9	1151
45.9737827715356	54.0262172284644	NP_0011820571_LINE9907_Gm5294_I_N1	1152
45.9737827715356	54.0262172284644	NP_0320502_LINE10030_Foxl1_I_N1	1153
45.9737827715356	54.0262172284644	ENSMUSG00000040891_LINE3461_Foxa3_I_N1	1154
45.9737827715356	54.0262172284644	ENSMUSG00000051490_LINE4303_Foxd4_I_N1	1155
45.9770114942529	54.0229885057471	ENSMUSG00000001911_LINE1689_Nfix_I	1156
46.1680517082179	53.8319482917821	ENSMUSG00000043602_LINE511_Zfp3_D	1157
46.3241806908769	53.6758193091231	ENSMUSG00000046532_LINE1631_Ar_D_N1	1158
46.4251668255481	53.5748331744519	ENSMUSG00000008575_LINE7346_Nfib_I_N4	1159
46.4251668255481	53.5748331744519	ENSMUSG00000028565_LINE7371_Nfia_I_N4	1160
46.5855940130964	53.4144059869036	NP_0011820571_LINE9891_Gm5294_I_N1	1161
46.5855940130964	53.4144059869036	NP_0320502_LINE10016_Foxl1_I_N1	1162
46.5855940130964	53.4144059869036	ENSMUSG00000040891_LINE3447_Foxa3_I_N1	1163
46.5855940130964	53.4144059869036	ENSMUSG00000050397_LINE4138_Foxl2_I_N1	1164
46.5855940130964	53.4144059869036	ENSMUSG00000051490_LINE4285_Foxd4_I_N1	1165
46.7087466185753	53.2912533814247	ENSMUSG00000019256_LINE58_Ahr_I	1166
46.7087466185753	53.2912533814247	ENSMUSG00000021575_LINE74_Ahrr_I	1167
46.9426152398871	53.0573847601129	ENSMUSG00000027794_LINE89_Sohlh2_D	1168
47.0588235294118	52.9411764705882	ENSMUSG00000042589_LINE963_Cux2_I	1169
47.329650092081	52.670349907919	ENSMUSG00000019982_LINE1529_Myb_D_N1	1170
47.4860335195531	52.5139664804469	ENSMUSG00000037279_LINE1220_Ovol2_I	1171
47.5265017667844	52.4734982332155	ENSMUSG00000008496_LINE1474_Pou2f2_D_N1	1172
47.5285171102662	52.4714828897338	ENSMUSG00000000861_LINE755_Bcl11a_I	1173
47.5285171102662	52.4714828897338	ENSMUSG00000048251_LINE1408_Bcl11b_I	1174
47.8504672897196	52.1495327102804	ENSMUSG00000056829_LINE1099_Foxb2_I	1175
47.8504672897196	52.1495327102804	ENSMUSG00000059246_LINE1100_Foxb1_D	1176
47.8991596638655	52.1008403361344	ENSMUSG00000022641_LINE1712_Bbx_D	1177
48.1203007518797	51.8796992481203	ENSMUSG00000058665_LINE1395_En1_D_N1	1178
48.3685220729367	51.6314779270633	ENSMUSG00000031860_LINE1278_Pbx4_I	1179
48.3685220729367	51.6314779270633	ENSMUSG00000034673_LINE1290_Pbx2_I	1180
48.3781278962002	51.6218721037998	ENSMUSG00000029771_LINE1501_Irf5_D	1181
48.5067873303167	51.4932126696833	ENSMUSG00000023902_LINE352_Zscan10_D_N1	1182
48.6123545210385	51.3876454789615	ENSMUSG00000029729_LINE400_Zkscan1_D	1183
49.155722326454	50.844277673546	ENSMUSG00000031618_LINE1619_Nr3c2_I	1184
49.155722326454	50.844277673546	ENSMUSG00000031870_LINE6800_Pgr_I_N1	1185
49.2093023255814	50.7906976744186	ENSMUSG00000021356_LINE1498_Irf4_D	1186
49.3249324932493	50.6750675067507	ENSMUSG00000020644_LINE69_Id2_D	1187
49.3249324932493	50.6750675067507	ENSMUSG00000042745_LINE133_Id1_I	1188
49.443413729128	50.556586270872	ENSMUSG00000026826_LINE1615_Nr4a2_D	1189
49.9027237354086	50.0972762645914	ENSMUSG00000001496_LINE1147_Nkx21_D	1190
50.2230151650312	49.7769848349688	XP_9117244_LINE5785_Gm4881_I_N4	1191
50.2230151650312	49.7769848349688	ENSMUSG00000022895_LINE2409_Ets2_I_N5	1192
50.6874427131072	49.3125572868928	ENSMUSG00000026638_LINE1500_Irf6_D	1193
50.7407407407407	49.2592592592593	ENSMUSG00000005917_LINE1161_Otx1_D_N2	1194
51.175917215428	48.824082784572	ENSMUSG00000044538_LINE1358_Gm4830_D	1195
51.5094339622642	48.4905660377358	ENSMUSG00000021506_LINE1195_Pitx1_D	1196
51.5799256505576	48.4200743494424	ENSMUSG00000028023_LINE1243_Pitx2_D	1197
52.0814061054579	47.9185938945421	NP_0011820571_LINE9922_Gm5294_I_N1	1198
52.0814061054579	47.9185938945421	NP_0320502_LINE10045_Foxl1_I_N1	1199
52.0814061054579	47.9185938945421	ENSMUSG00000040891_LINE3476_Foxa3_I_N1	1200
52.0814061054579	47.9185938945421	ENSMUSG00000050397_LINE4170_Foxl2_I_N1	1201
52.0814061054579	47.9185938945421	ENSMUSG00000051490_LINE4318_Foxd4_I_N1	1202
52.7904849039341	47.2095150960659	ENSMUSG00000025215_LINE1217_Tlx1_I	1203
52.7904849039341	47.2095150960659	ENSMUSG00000040610_LINE1332_Tlx3_I	1204
53.0188679245283	46.9811320754717	ENSMUSG00000040953_LINE1336_ENSMUSG00000040953_I	1205
53.0188679245283	46.9811320754717	ENSMUSG00000041583_LINE1343_Obox6_D	1206
53.3333333333333	46.6666666666667	ENSMUSG00000049823_LINE587_Zbtb12_D	1207
53.7735849056604	46.2264150943396	ENSMUSG00000028707_LINE1248_Dmbx1_D	1208
53.7735849056604	46.2264150943396	ENSMUSG00000041730_LINE5814_Prrxl1_I_N11	1209
55.5659494855005	44.4340505144995	ENSMUSG00000074366_LINE1427_Obox5_D	1210
55.5659494855005	44.4340505144995	ENSMUSG00000074368_LINE1428_AC1890281_D	1211
55.5659494855005	44.4340505144995	NP_6637552_LINE1462_NP_6637552_I_N11	1212
55.5659494855005	44.4340505144995	Q8VHG7_MOUSE_LINE1463_Q8VHG7_MOUSE_I	1213
56.0952380952381	43.9047619047619	ENSMUSG00000055991_LINE656_Zkscan5_D	1214
56.3380281690141	43.6619718309859	ENSMUSG00000026976_LINE6955_Pax8_I_N1	1215
56.3380281690141	43.6619718309859	ENSMUSG00000037034_LINE6983_Pax1_I_N1	1216
57.2625698324022	42.7374301675978	ENSMUSG00000025912_LINE1535_Mybl1_D	1217
57.7651515151515	42.2348484848485	ENSMUSG00000045268_LINE526_Zfp691_D	1218
57.8358208955224	42.1641791044776	ENSMUSG00000033454_LINE428_Zbtb1_D	1219
57.909604519774	42.090395480226	ENSMUSG00000021095_LINE1189_Gsc_D	1220
58.5714285714286	41.4285714285714	ENSMUSG00000017861_LINE1526_Mybl2_D	1221
59.0405904059041	40.9594095940959	ENSMUSG00000019947_LINE15_Arid5b_D	1222
59.3109869646183	40.6890130353817	ENSMUSG00000022738_LINE1207_Gsc2_I	1223
59.6441947565543	40.3558052434457	ENSMUSG00000030353_LINE7614_Tead4_I_N1	1224
60.2941176470588	39.7058823529412	ENSMUSG00000041703_LINE493_Zic5_D	1225
60.3495860165593	39.6504139834407	ENSMUSG00000038805_LINE1321_Six3_D	1226
61.660447761194	38.339552238806	ENSMUSG00000074637_LINE1769_Sox2_D_N1	1227
61.9223659889094	38.0776340110906	ENSMUSG00000032292_LINE1622_Nr2e3_D	1228
62.1698113207547	37.8301886792453	ENSMUSG00000021848_LINE1198_Otx2_D	1229
62.1698113207547	37.8301886792453	ENSMUSG00000041578_LINE1341_Crx_D_N1	1230
62.5925925925926	37.4074074074074	ENSMUSG00000030380_LINE406_Mzf1_D_N2	1231
63.5071090047393	36.4928909952607	ENSMUSG00000025229_LINE1219_Pitx3_D	1232
64.0226628895184	35.9773371104816	ENSMUSG00000025602_LINE372_Zfp202_D	1233
64.2458100558659	35.7541899441341	ENSMUSG00000045179_LINE1742_Sox3_D_N1	1234
65.1969981238274	34.8030018761726	ENSMUSG00000075588_LINE1434_Hoxb2_I	1235
66.7605633802817	33.2394366197183	ENSMUSG00000048387_LINE564_Osr1_D	1236
69.0721649484536	30.9278350515464	ENSMUSG00000009733_LINE1128_Tcfcp2_I	1237
69.0721649484536	30.9278350515464	ENSMUSG00000009741_LINE5313_Ubp1_I_N1	1238
69.5364238410596	30.4635761589404	ENSMUSG00000070034_LINE1683_Sp110_D	1239
69.5364238410596	30.4635761589404	ENSMUSG00000079808_LINE1684_AC1689771_I	1240
70.6717123935667	29.3282876064333	ENSMUSG00000031681_LINE7390_Smad1_I_N1	1241
70.6717123935667	29.3282876064333	ENSMUSG00000021540_LINE17877_Smad5_I_N1	1242
70.6717123935667	29.3282876064333	ENSMUSG00000027796_LINE17907_Smad9_I_N1	1243
71.414913957935	28.585086042065	NP_0322962_LINE6262_NP_0322962_I_N2	1244
71.5648854961832	28.4351145038168	ENSMUSG00000043013_LINE2135_Onecut1_I_N1	1245
71.5648854961832	28.4351145038168	ENSMUSG00000045991_LINE2155_Onecut2_I_N1	1246
73.5099337748345	26.4900662251656	ENSMUSG00000037335_LINE123_Hand1_I	1247
73.5099337748345	26.4900662251656	ENSMUSG00000038193_LINE126_Hand2_I	1248
73.8049713193117	26.1950286806883	ENSMUSG00000026751_LINE6729_Nr5a1_I_N1	1249
74.6895893027698	25.3104106972302	ENSMUSG00000079994_LINE1776_ENSMUSG00000079994_D_N1	1250
75.35953978907	24.64046021093	ENSMUSG00000022529_LINE344_Zfp263_D	1251
75.35953978907	24.64046021093	Q8K439_MOUSE_LINE3877_Zfp263_I_N1	1252
75.9846301633045	24.0153698366955	ENSMUSG00000032411_LINE986_Tfdp2_I	1253
75.9846301633045	24.0153698366955	ENSMUSG00000038482_LINE987_Tfdp1_I	1254
79.0786948176583	20.9213051823416	ENSMUSG00000021743_LINE336_Fezf2_I	1255
79.0786948176583	20.9213051823416	ENSMUSG00000029697_LINE399_Fezf1_I	1256
79.6905222437137	20.3094777562863	ENSMUSG00000038415_LINE1071_Foxq1_I	1257
80.0773694390716	19.9226305609284	ENSMUSG00000044807_LINE521_Zfp354c_I	1258
80.4619826756497	19.5380173243503	ENSMUSG00000042372_LINE982_Dmrt3_I	1259
80.4619826756497	19.5380173243503	ENSMUSG00000047143_LINE4018_Dmrta2_I_N1	1260
81.9498069498069	18.0501930501931	ENSMUSG00000032035_LINE1029_Ets1_D_N1	1261
82.3188405797102	17.6811594202899	ENSMUSG00000014030_LINE1644_Pax5_I	1262
82.7686350435624	17.2313649564376	ENSMUSG00000045903_LINE141_Npas4_I	1263
82.9291949563531	17.0708050436469	ENSMUSG00000070691_LINE7312_Runx3_I_N3	1264
83.3655705996132	16.6344294003868	ENSMUSG00000033006_LINE1726_Sox10_D_N1	1265
85.2140077821012	14.7859922178988	ENSMUSG00000028042_LINE386_Zbtb7b_D	1266
87.2319688109162	12.7680311890838	NP_0011820571_LINE9889_Gm5294_I_N1	1267
87.2319688109162	12.7680311890838	NP_0320502_LINE10014_Foxl1_I_N1	1268
87.2319688109162	12.7680311890838	ENSMUSG00000040891_LINE3445_Foxa3_I_N1	1269
87.2319688109162	12.7680311890838	ENSMUSG00000050397_LINE4136_Foxl2_I_N1	1270
87.2319688109162	12.7680311890838	ENSMUSG00000051490_LINE4283_Foxd4_I_N1	1271
87.5243664717349	12.4756335282651	ENSMUSG00000026630_LINE553_Batf3_I_N1	1272
87.5243664717349	12.4756335282651	ENSMUSG00000034266_LINE573_Batf_I_N1	1273
88.4652981427175	11.5347018572825	ENSMUSG00000072678_LINE1425_Cphx_D	1274
89.6078431372549	10.3921568627451	ENSMUSG00000014303_LINE308_Glis2_D	1275
91.1591355599214	8.84086444007858	ENSMUSG00000031870_LINE6829_Pgr_I_N9	1276
91.3385826771654	8.66141732283465	ENSMUSG00000068154_LINE774_Insm1_I	1277
95.5357142857143	4.46428571428571	ENSMUSG00000022952_LINE1674_Runx1_D	1278
95.5357142857143	4.46428571428571	ENSMUSG00000070691_LINE7301_Runx3_I_N3	1279
96.031746031746	3.96825396825397	ENSMUSG00000031870_LINE6812_Pgr_I_N1	1280
98.7025948103792	1.29740518962076	ENSMUSG00000039153_LINE1675_Runx2_I	1281
99.001996007984	0.998003992015968	ENSMUSG00000019982_LINE1530_Myb_D_N1	1282
100	0	ENSMUSG00000025930_LINE83_Msc_D	1283
100	0	ENSMUSG00000027967_LINE90_Neurog2_I	1284
100	0	ENSMUSG00000039830_LINE130_Olig2_I	1285
100	0	ENSMUSG00000044312_LINE135_Neurog3_I	1286
100	0	ENSMUSG00000057098_LINE155_Ebf1_D	1287
100	0	ENSMUSG00000073043_LINE166_Atoh1_D_N2	1288
100	0	ENSMUSG00000000317_LINE277_Bcl6b_D	1289
100	0	ENSMUSG00000018654_LINE316_Ikzf1_I	1290
100	0	ENSMUSG00000021366_LINE333_Hivep1_I	1291
100	0	ENSMUSG00000024220_LINE358_Zfp523_I	1292
100	0	ENSMUSG00000049672_LINE583_Zfp161_D	1293
100	0	ENSMUSG00000061079_LINE713_Zfp143_I	1294
100	0	ENSMUSG00000023994_LINE941_Nfya_I	1295
100	0	ENSMUSG00000043753_LINE983_Dmrta1_I	1296
100	0	NP_0011820571_LINE9940_Gm5294_I_N1	1297
100	0	NP_0320502_LINE10074_Foxl1_I_N1	1298
100	0	ENSMUSG00000028201_LINE1244_Lhx8_D_N2	1299
100	0	ENSMUSG00000038718_LINE1318_Pbx3_I	1300
100	0	ENSMUSG00000048502_LINE1364_Duxbl_D_N2	1301
100	0	ENSMUSG00000072672_LINE1423_Gm10391_I	1302
100	0	ENSMUSG00000072675_LINE1424_Gm10394_I	1303
100	0	NP_0328751_LINE15941_Pit1_I_N1	1304
100	0	ENSMUSG00000019878_LINE1489_Hsf2_I	1305
100	0	ENSMUSG00000033249_LINE1491_Hsf4_I	1306
100	0	ENSMUSG00000020275_LINE1654_Rel_I	1307
100	0	ENSMUSG00000024927_LINE1656_Rela_D_N1	1308
100	0	ENSMUSG00000025225_LINE1658_Nfkb2_I	1309
100	0	ENSMUSG00000028163_LINE1660_Nfkb1_I	1310
100	0	ENSMUSG00000025902_LINE1716_Sox17_D_N1	1311
100	0	ENSMUSG00000045179_LINE1744_Sox3_D_N1	1312
100	0	ENSMUSG00000079994_LINE1779_ENSMUSG00000079994_D_N1	1313
100	0	ENSMUSG00000034701_LINE292_Neurod1_I_N7	1314
100	0	ENSMUSG00000035799_LINE296_Twist1_I_N2	1315
100	0	ENSMUSG00000037984_LINE330_Neurod6_I_N7	1316
100	0	ENSMUSG00000048015_LINE422_Neurod4_I_N7	1317
100	0	ENSMUSG00000002578_LINE762_Ikzf4_I_N3	1318
100	0	ENSMUSG00000015501_LINE829_Hivep2_I_N1	1319
100	0	ENSMUSG00000025407_LINE1011_Gli1_I_N1	1320
100	0	ENSMUSG00000028634_LINE1075_Hivep3_I_N1	1321
100	0	ENSMUSG00000035011_LINE1189_Zbtb7a_I_N2	1322
100	0	ENSMUSG00000044646_LINE1331_Zbtb7c_I_N2	1323
100	0	ENSMUSG00000048402_LINE1430_Gli2_I_N1	1324
100	0	ENSMUSG00000018554_LINE2092_Ybx2_I_N1	1325
100	0	ENSMUSG00000028639_LINE2096_Ybx1_I_N1	1326
100	0	ENSMUSG00000030189_LINE2100_Csda_I_N1	1327
100	0	ENSMUSG00000039191_LINE2108_Rbpj_I_N3	1328
100	0	ENSMUSG00000079575_LINE2113_Rbpsuhrs3_I_N3	1329
100	0	ENSMUSG00000043013_LINE2134_Onecut1_I_N1	1330
100	0	ENSMUSG00000045991_LINE2154_Onecut2_I_N1	1331
100	0	ENSMUSG00000022895_LINE2473_Ets2_I_N1	1332
100	0	ENSMUSG00000040891_LINE3505_Foxa3_I_N1	1333
100	0	ENSMUSG00000050397_LINE4137_Foxl2_I_N1	1334
100	0	ENSMUSG00000050397_LINE4199_Foxl2_I_N1	1335
100	0	ENSMUSG00000051490_LINE4347_Foxd4_I_N1	1336
100	0	ENSMUSG00000031688_LINE6320_Pou4f2_I_N1	1337
100	0	ENSMUSG00000048349_LINE6330_Pou4f1_I_N1	1338
100	0	ENSMUSG00000023034_LINE6707_Nr4a1_I_N1	1339
100	0	ENSMUSG00000026976_LINE6964_Pax8_I_N8	1340
100	0	ENSMUSG00000037034_LINE6992_Pax1_I_N8	1341
100	0	ENSMUSG00000002983_LINE7015_Relb_I	1342
100	0	ENSMUSG00000070691_LINE7308_Runx3_I_N2	1343
100	0	ENSMUSG00000070691_LINE7309_Runx3_I_N2	1344
100	0	ENSMUSG00000070691_LINE7316_Runx3_I_N1	1345
100	0	ENSMUSG00000047143_LINE4022_Dmrta2_I_N1	1346
